sample	Vv154	Vv155	Vv156	Vv158	Vv160	Vv161	Vv165	Vv166	Vv168	Vv169	Vv171	Vv172	Vv175	Vv176	Vv181	Vv183	Vv184	Vv187	Vv188	Vv190	Vv191	Vv193	Vv194	Vv195	Vv197	Vv199	Vv200	Vv201	Vv202	Vv204	Vv205	Vv207	Vv208	Vv210	Vv211	Vv214	Vv215	Vv217	Vv218	Vv219	Vv220	Vv223	Vv224	Vv226	Vv227	Vv228	Vv230	Vv231	Vv232	Vv235	Vv236	Vv239	Vv241	Vv242	Vv243	Vv245	Vv246	Vv248	Vv250	Vv251	Vv252	Vv254	Vv255	Vv257	Vv258	Vv259
Vv154	0	58.4917819257573	98.337280070743	121.283474727718	138.717606010107	138.790092650521	187.108968901935	188.990305093314	194.100044222123	192.088085921776	116.138156345387	85.822993822798	113.768032308175	115.783318074203	170.565250188229	191.040276794003	187.904183533335	179.021629410229	190.074279440859	70.8141227307864	67.8288373011543	115.362237582805	101.949846778949	136.616498823096	120.36289180233	162.394865401847	167.775488006763	177.237884472233	191.690096493313	182.793505733742	179.039535458325	87.0205580132902	111.092572576481	92.3819397145208	103.378976693639	90.8084237237714	105.671992399501	153.224068041601	172.168884043596	182.520938612322	185.540380608897	187.174882237294	175.792290757956	101.583832974157	68.5448910948788	147.038079278877	98.8505430148073	140.833615553618	148.371839683542	164.809618697534	165.761230411124	175.904430589817	176.78115220892	171.571953183496	123.921878014641	112.140046783541	119.975374603191	150.228944184414	149.692879622895	154.519045435619	173.436482218629	165.552723267736	183.611952652984	184.073379405867	187.315704426227	184.004018845583
Vv155	58.4917819257573	0	99.5332345974022	130.871602806017	137.934523403608	140.00944556326	191.506298387969	190.327819593428	189.403740635864	188.504168254369	121.974236080567	102.535910324691	117.763689491405	117.195490626422	177.670795096577	195.726717308713	193.655428563655	178.436815303	187.079410149045	93.8417809916966	76.6362620631153	131.014252436889	105.154042289629	135.604729842457	134.452707877917	167.726604653993	170.598547789047	182.387911092466	194.371515849095	186.250968186408	175.968733391358	95.8805750213537	104.469203049313	108.230036521287	116.852736226727	97.7522222272499	115.838605103866	156.472885246734	176.634326269145	186.665721353437	189.856979549014	188.992964120018	179.564922494299	98.3462200985371	81.3007666976513	155.71293600972	117.528923963319	142.8180291788	144.661481819118	168.947891495781	169.825904584872	183.789565611277	179.542174155365	175.386994424569	128.221300859942	119.023092425281	132.96961830473	153.402001714714	144.615505349338	148.401738044733	176.629760352407	167.491194607231	186.982955654533	187.66747117933	191.759642169547	188.425281548651
Vv156	98.337280070743	99.5332345974022	0	97.259521488796	140.002891443028	140.95631269089	204.454045746822	202.437757657015	209.088319139973	207.906206739865	79.1141588671569	108.519400465647	90.6409880884232	87.1452309399736	173.335544070407	212.018559849437	205.107405060289	193.880093786339	206.374841862325	99.6448815591938	97.585469954298	107.022873238845	76.6097129005385	106.230459534875	124.093604359737	164.40024667414	177.863632428075	189.387637642028	206.670030338066	211.37160579407	193.406464081289	115.539428348128	96.3346159328291	102.849861337026	110.277290316704	95.7761031739245	120.705450799758	153.00515846769	175.853418851407	195.536306372927	198.570913763983	207.716776186295	202.818344704471	95.0937509734524	100.436358935265	143.234126753301	100.282545856183	137.538051831514	137.525651744908	165.908989037422	171.32415009662	180.575037467743	198.336974092233	196.122213157895	90.7101956197773	99.3679858311753	118.397503023453	143.278705524857	144.10555650195	137.803201379865	178.864200332648	168.914574366989	193.2362770693	192.377113831982	211.713401956304	209.232008951
Vv158	121.283474727718	130.871602806017	97.259521488796	0	144.807071980211	144.237407174088	198.935116324309	194.771333233315	202.404109202799	199.517077642951	80.9405289617917	113.275881765613	106.961552298164	110.347298820587	171.900389932737	207.176679330068	199.858764150511	190.715335391235	202.657476357713	112.812805285759	121.174320424016	76.2275619304889	112.187331406603	122.314898231796	106.688170245863	164.278560865336	177.143968725819	185.713464948423	205.174581750334	206.234661925389	192.250983213109	141.643454011863	115.03597678895	119.443775433792	101.149413947797	117.366665418175	118.13447081305	156.13250794351	177.281306698447	195.906433488967	197.731915202044	191.753602286764	202.203631963168	102.01636721638	120.828721127259	99.9898873708623	102.781251224656	141.543294935176	144.973705779194	165.795097293196	170.089149304535	181.693861291163	196.742011845748	193.566612731577	72.7392318065354	75.6156963302023	111.885094434169	102.313987888327	151.916432665375	143.654835781073	178.86388455089	169.877336601012	193.659354175735	194.848586485819	199.997195915042	205.322572967189
Vv160	138.717606010107	137.934523403608	140.002891443028	144.807071980211	0	50.4648912146711	138.99505166845	142.473716690545	189.686393294221	190.927603087824	150.077027462645	163.535247347173	106.307981167029	106.919663182092	106.821885664914	161.277186692307	152.284260394065	179.130093067502	186.888783481851	141.838862529201	142.704551640284	139.093477727126	136.390941134416	86.8905316310474	114.667753258343	95.7165834815627	110.253159299246	125.090978765065	173.315098268262	186.401715904771	181.555449171423	158.631476463465	170.186815753028	140.60246029093	146.283188151052	118.844433494326	99.2167049539124	91.1400198079181	113.814938571365	156.249542925975	150.272116118043	199.793401431894	189.903254365277	162.122750128861	140.87591617022	117.75609327676	125.286073493882	72.1448179538701	70.2007791607024	100.345999153875	106.134301660247	137.200289555527	175.182270280906	172.214152557385	150.912982558308	161.57490209545	109.035790960832	120.412182882991	81.5717795781397	94.5499995052257	120.750788841323	109.046689024492	154.539225022394	168.769038477687	193.934810509365	185.826904948721
Vv161	138.790092650521	140.00944556326	140.95631269089	144.237407174088	50.4648912146711	0	132.276189207017	137.514157645542	187.821709133953	187.814810382332	149.629293237737	161.607336137996	109.509055246522	110.160644050012	99.7817494699558	155.380241340386	145.587344741252	176.793021818305	184.76156188828	141.642233301246	143.208388888089	137.670792397643	137.969695587244	89.9200997138398	114.00240212048	89.352932468774	105.477480472848	117.460849059468	167.370352512233	183.495728733264	179.818767890432	156.856927972005	170.055545385868	141.110631363849	145.854845083176	121.235624414614	100.713374808637	90.5480198857755	109.554136075391	150.122930061749	144.080967338984	196.957109908184	186.682038727794	161.771065277336	140.315414345011	118.818946004929	125.49146033539	72.3302352831643	80.1563558065191	96.6246446438366	102.113964224395	131.083510046199	173.314856612125	169.989373889359	151.934527327287	161.435977456072	109.462720000576	121.78543625629	88.7536147021676	100.365148939181	117.137480873216	106.895197328158	148.807833530906	163.288269757707	190.873010830783	183.100395668659
Vv165	187.108968901935	191.506298387969	204.454045746822	198.935116324309	138.99505166845	132.276189207017	0	59.8893881912441	186.920131774408	187.202022620592	207.423500387861	205.739930510116	184.233586667233	184.186418452211	113.449516491642	89.2234122975996	73.5877701429478	184.1971970236	186.254180682474	190.559524354168	193.404162645826	191.383387592074	203.012880427966	171.157145285299	167.54069490814	126.32549679526	106.240653278296	66.9350050663782	126.175452604141	169.932031071402	185.863566712831	202.007527171829	217.554769129721	196.888718932295	196.90460166615	184.16820748418	155.309321497974	138.488627987526	128.878847147222	101.74673779058	121.453864319039	191.479460125884	177.763339261978	208.931762079579	191.846840488019	167.382894294822	183.639608003522	148.929941225769	152.264945779662	129.663649696636	120.02640864044	114.748222913632	160.829434494603	157.404263687288	204.685623863862	208.869195803998	166.679043860154	167.248709789079	150.529966282928	157.620341050332	122.634651621261	130.747826743807	104.32719357612	125.458694696093	181.027698238512	170.209781081934
Vv166	188.990305093314	190.327819593428	202.437757657015	194.771333233315	142.473716690545	137.514157645542	59.8893881912441	0	162.867725256725	165.289659604586	204.292558818762	208.222415433713	184.893193900606	185.324928913504	127.931912171309	96.6718696901481	84.9874602740416	167.061825799872	164.983758401159	195.062117045658	195.788307212183	192.374558014059	204.146512973338	169.958194721136	172.370505821434	137.381065989706	117.912114516408	87.1502710905012	130.989641828284	164.763664676785	165.887150004374	204.811531325627	211.768928912902	201.837379055334	199.678924785251	187.583541500496	160.998340580537	146.812197364521	141.362714105172	114.087902831929	133.41410151421	179.686633098919	175.034900923093	202.837400258286	194.156471529761	166.586440372339	188.923378352752	153.094108236594	152.100246212799	139.453428484582	130.552977109419	130.215837213445	160.128797769826	156.161705005027	201.050114337812	206.444745745856	172.798119310687	161.943804900796	151.94615716013	153.700763828183	133.78335505384	139.238581627809	115.979082071147	133.276894214792	174.24568239055	167.476260019385
Vv168	194.100044222123	189.403740635864	209.088319139973	202.404109202799	189.686393294221	187.821709133953	186.920131774408	162.867725256725	0	45.5297559358264	211.289246996577	211.98120704843	211.157046221696	213.350168200572	210.021020525498	176.860652408232	186.397938885556	85.6697301947648	60.0586405351637	212.69454332982	206.300867936538	211.9900804411	220.941021729072	204.902583616934	206.406756688676	207.818186706406	195.697305742872	195.382069629717	191.867392295799	123.716256620785	75.5591774743069	212.439783204595	193.776749251098	221.69138364432	213.662685580556	211.576722288744	190.381564573037	207.950373358679	217.592297750102	200.88203165196	212.071844725909	114.868924347912	139.381574029689	186.235432324716	203.622631515947	195.290949906598	216.213918130197	200.632830578036	193.698949589074	207.313704067258	201.565628041118	215.514945928201	143.143962171878	137.202536505618	206.846928276141	209.343171034199	211.207987351676	184.017340087819	196.078518553581	188.942894304415	209.490159654172	206.644517884047	202.422923546646	201.510416547618	123.811691280014	133.59397526075
Vv169	192.088085921776	188.504168254369	207.906206739865	199.517077642951	190.927603087824	187.814810382332	187.202022620592	165.289659604586	45.5297559358264	0	209.945456116547	207.06858207588	209.917213192214	212.74411260448	208.642528163087	175.959466203309	184.816029184336	87.3607464149059	68.7629287314404	208.662115603253	203.361262492849	207.749733780596	217.884576946408	205.765967340562	202.419653640979	206.778405287694	194.35010346836	195.263836285272	189.805989818794	118.443906461329	79.7145826265767	209.64922832196	193.385017665039	217.893834739889	210.223864526073	209.590396072515	187.617111476543	207.534844778564	216.529175563768	197.717737339535	210.337632600049	108.542470252787	133.252033264352	185.128400029767	201.108337267106	192.931771195261	212.764153008121	200.866939143417	195.464285299664	206.452511211415	200.002858344369	213.038303434492	139.041229139751	133.228798156535	204.016157137822	205.108025702185	207.888537262994	182.789121564156	196.930428053628	191.250464094182	208.811190778007	205.844015174375	199.977996222392	197.993939950326	116.344131868435	128.806982484795
Vv171	116.138156345387	121.974236080567	79.1141588671569	80.9405289617917	150.077027462645	149.629293237737	207.423500387861	204.292558818762	211.289246996577	209.945456116547	0	105.204091023535	97.3525693444735	95.19614388447	175.769428288254	212.520427578581	205.075944214649	193.716040818297	206.808289783372	104.851201701917	110.831256467727	95.1360558011946	100.510127048197	119.057938774579	122.057341115112	168.628186296649	183.381972956393	192.281301775053	210.897659679325	215.946578605841	196.901525814747	125.080194017489	96.6394402485565	111.04663404374	108.125304005113	109.706836463757	127.031839779623	158.699258778889	179.069447114286	197.860277545792	200.693849355664	206.343221037663	208.35769774949	88.1694201676432	109.774781058605	127.266890352033	101.335716732412	143.739097615329	146.945143831564	169.242557823405	175.434146881529	183.043041914111	205.237471023447	201.527522809856	76.105735567793	88.4065222282891	120.39504461003	126.867991788319	155.451528332403	147.308979475829	183.308467252232	174.27381316968	197.312324195092	197.431464256341	212.265749195035	214.858460140718
Vv172	85.822993822798	102.535910324691	108.519400465647	113.275881765613	163.535247347173	161.607336137996	205.739930510116	208.222415433713	211.98120704843	207.06858207588	105.204091023535	0	115.644240361171	122.573872784812	181.722051655043	204.278867292146	199.257929056122	189.019944913685	205.929645701997	76.1869508836836	85.1222846302806	97.7241357837436	105.925864200804	149.347770357187	116.051316510196	175.567118455307	184.042629385133	193.200451642835	200.175736286988	194.053092371618	192.684999318569	98.1106457952042	110.363120704248	92.6731706901114	85.9039445656057	101.36058793004	115.987825993512	166.750336527675	183.910186458276	191.531720913537	197.289537477889	189.164996073064	182.027413876058	103.303765352378	84.8654111054801	143.261600100524	94.7587696196368	157.752489006982	167.886994003526	176.157176463875	177.436155896849	182.229328724902	187.387309384	183.106215434769	113.091029195966	94.7494647764649	118.356838628838	152.724725097669	168.258234979787	171.937216224948	185.647452719444	178.687333358088	191.785824593517	187.865392274162	189.895762224769	193.673368769482
Vv175	113.768032308175	117.763689491405	90.6409880884232	106.961552298164	106.307981167029	109.509055246522	184.233586667233	184.893193900606	211.157046221696	209.917213192214	97.3525693444735	115.644240361171	0	58.7308382147578	141.35473210689	193.000167071508	183.30418102593	191.513785788219	204.19360654181	103.931745310496	108.966117275068	99.4976196414069	84.6565860176581	83.4242503900827	98.5851531938685	134.869420389564	154.736858552365	166.500729123132	194.99519686178	203.828780562403	194.893662991964	124.824786072096	132.86220653608	97.6833657216151	109.86558049393	83.532056339952	97.4076812743575	124.333747170035	148.906944586398	180.406703811432	181.489904105847	207.527904578433	198.412005841107	127.482837160453	104.519345211674	121.965666830129	82.0961179382999	104.38170389286	112.035335129156	138.845732551859	145.56377734951	160.277959801941	190.434857771171	187.976236500874	108.608468732407	119.447593881421	91.8484546473697	131.261649594923	119.564345711781	123.646966971703	156.366916697743	145.189863255611	178.391429526547	182.31797630417	206.121491376925	201.393972990492
Vv176	115.783318074203	117.195490626422	87.1452309399736	110.347298820587	106.919663182092	110.160644050012	184.186418452211	185.324928913504	213.350168200572	212.74411260448	95.19614388447	122.573872784812	58.7308382147578	0	142.134937580508	193.765062027641	183.567082933676	192.09104139441	205.715190706921	108.451103048369	113.034858105295	104.919461332721	85.0639613072706	79.2104451741368	106.331848976536	134.305017814935	154.446140004781	165.150333843054	196.26712321032	207.098368517331	195.288471896402	129.594995459856	133.583746468036	106.683697298627	117.985958503225	90.514332185771	105.016253678658	125.440879868719	149.42520944867	181.01696510347	181.452352081808	211.957782742367	202.837956701699	128.470982201987	109.20748839717	125.695932739242	87.9830805599376	104.32838979412	107.052055160133	137.796563313766	145.543017267058	160.172409941543	193.720374038513	191.556764945892	112.242416046201	124.358639754925	99.2945521134563	132.772090994755	118.084800031005	120.377264901126	156.066055292327	145.30055838582	178.591547839798	183.135726673885	210.197030568067	205.551794313139
Vv181	170.565250188229	177.670795096577	173.335544070407	171.900389932737	106.821885664914	99.7817494699558	113.449516491642	127.931912171309	210.021020525498	208.642528163087	175.769428288254	181.722051655043	141.35473210689	142.134937580508	0	138.928267782596	122.848620619179	196.668525760015	204.527643530725	164.772286004039	169.941136812945	159.925167381169	168.012362711706	125.306077167248	135.541250751276	65.158723641387	85.8116174374105	84.4815523874653	156.963909672479	193.452414338492	201.452734429596	180.594015064669	199.188831482647	163.183213938179	167.315659885505	149.443633932377	126.83790118911	87.1354992948092	82.7498574650257	129.24396811936	122.854642586091	209.435521535493	194.32147095191	192.173933341033	169.910220477166	141.27684092023	148.335944155532	105.959962543301	119.427104155193	81.3910393761334	81.3971764810055	95.9895255457056	179.892711849433	177.240359411177	175.333594088444	183.518670635304	127.468161120262	147.464173107642	117.643667924006	129.271310759287	89.7926358458318	89.8361064722217	123.280790340269	143.259400334395	199.560320502039	190.715240005366
Vv183	191.040276794003	195.726717308713	212.018559849437	207.176679330068	161.277186692307	155.380241340386	89.2234122975996	96.6718696901481	176.860652408232	175.959466203309	212.520427578581	204.278867292146	193.000167071508	193.765062027641	138.928267782596	0	60.7487005659677	171.479708844839	171.929435922365	194.333642819439	197.396611722505	198.0162139935	209.879709742349	187.286374881707	178.226533220169	151.366285913923	132.615199183481	107.036184594844	114.511066475936	147.190567062042	175.273704991864	202.989697335921	217.032916348348	203.798979353378	202.253812098055	193.191127981479	165.017689349866	158.282021563436	152.316895324285	102.694270163718	143.953183483566	175.126735834166	155.919731054556	209.283401782984	194.020780016924	179.258968628923	190.86405939843	167.296075046163	171.64373858132	150.041753680678	140.968326167006	134.522109290544	138.802178366864	135.550246162605	210.406524383863	212.792697240323	178.287535157202	180.355820039463	169.079382826504	173.824707892181	143.884730467196	150.817341362407	114.3403944307	119.330942208549	159.828662041436	146.466510244866
Vv184	187.904183533335	193.655428563655	205.107405060289	199.858764150511	152.284260394065	145.587344741252	73.5877701429478	84.9874602740416	186.397938885556	184.816029184336	205.075944214649	199.257929056122	183.30418102593	183.567082933676	122.848620619179	60.7487005659677	0	177.393758340653	181.11282479354	188.741314872917	192.540312593773	190.056650860637	201.80081782635	176.336968537646	169.350606372003	137.958656789863	121.818974861823	88.5629928802549	115.4053496657	160.600436825799	181.823313630929	199.422221045193	215.422342002422	196.556509129536	195.852077006747	185.615009301012	158.724650596627	147.348077310639	139.850046081413	95.0753064352831	131.770209593544	184.107758750368	166.676813021825	206.707390336851	190.266277002132	171.822858186741	182.656648613028	156.279681223534	163.058980164388	138.505242823394	129.472798517057	118.19558662531	150.39929635459	147.075082350385	204.447418051148	207.382934720499	169.519724288069	173.783388752422	162.260333232436	168.193494891781	134.094578058604	140.904796614793	104.926356949119	116.636657603043	170.752347211488	159.875540179587
Vv187	179.021629410229	178.436815303	193.880093786339	190.715335391235	179.130093067502	176.793021818305	184.1971970236	167.061825799872	85.6697301947648	87.3607464149059	193.716040818297	189.019944913685	191.513785788219	192.09104139441	196.668525760015	171.479708844839	177.393758340653	0	62.4847740052079	191.874360997518	189.574555475817	194.385358856318	201.87690637244	190.215930097823	188.496495741729	194.060198721907	186.753444611206	187.777858804525	186.224413098463	125.056628102895	48.6703724117013	192.423272099681	183.14128360069	201.284089219005	195.04062972995	192.080580349708	174.231880600929	194.669609528069	205.53208570429	190.566826900255	202.721529378684	120.874073544343	133.7704812397	176.464974494463	184.903002801397	183.794298029645	194.944369521562	187.419255382015	183.784419976917	195.676127326334	190.35372600284	201.931489520161	141.974564861627	135.554993921852	194.569217622826	194.913642257878	193.604410973519	177.942517549972	187.017024181153	183.724766056452	200.61846428532	196.768863401994	193.968721504742	192.10202882112	123.410821330397	132.878104343724
Vv188	190.074279440859	187.079410149045	206.374841862325	202.657476357713	186.888783481851	184.76156188828	186.254180682474	164.983758401159	60.0586405351637	68.7629287314404	206.808289783372	205.929645701997	204.19360654181	205.715190706921	204.527643530725	171.929435922365	181.11282479354	62.4847740052079	0	206.883196437799	202.700075462603	208.955437109344	217.474334810949	199.526258956286	203.147695325654	202.738529325254	193.436417441775	192.833280296401	191.437528745077	122.636650608196	60.7782177125903	206.170195916116	192.417372522225	215.540978182727	210.000210831738	205.240747660137	185.257759890378	203.507831362042	213.503796307778	199.339642027597	209.661985230684	117.518884341195	137.790207791398	185.654451995775	197.845037369437	193.339940823754	210.487278928757	195.967275568201	190.754182195921	203.221261357697	197.992281806441	212.782850867934	144.561215449177	138.047243457801	207.520615724723	209.314671111157	206.956486983613	184.737908396932	193.474915957452	188.016157987324	207.216406486818	204.152830915841	201.934661769059	201.926253757512	123.060748299459	133.129029732111
Vv190	70.8141227307864	93.8417809916966	99.6448815591938	112.812805285759	141.838862529201	141.642233301246	190.559524354168	195.062117045658	212.69454332982	208.662115603253	104.851201701917	76.1869508836836	103.931745310496	108.451103048369	164.772286004039	194.333642819439	188.741314872917	191.874360997518	206.883196437799	0	64.0406412037627	88.9952608132367	87.4139364229744	132.200642314151	98.7930588253905	158.730140399818	165.476243779582	176.801100926003	190.831640841554	192.955993563743	193.435679306094	87.6245546042522	121.841779134473	75.9890292500069	86.2666376902721	86.1795444789868	100.4589558411	149.720688196205	166.740703813562	180.742424599224	184.207416071683	197.961038639791	185.242431864431	112.285093719833	71.6994528695164	137.868639334922	76.8907853497372	140.036741346094	151.619167479047	162.525101035243	163.997293887669	169.595815427799	186.959938127049	181.784886123546	111.400646425398	100.844452379967	103.244260166577	147.595275858228	151.794528658834	157.635101228553	170.124344799582	163.51483622194	181.474703551458	181.653315962861	195.974715778597	194.108411505219
Vv191	67.8288373011543	76.6362620631153	97.585469954298	121.174320424016	142.704551640284	143.208388888089	193.404162645826	195.788307212183	206.300867936538	203.361262492849	110.831256467727	85.1222846302806	108.966117275068	113.034858105295	169.941136812945	197.396611722505	192.540312593773	189.574555475817	202.700075462603	64.0406412037627	0	108.627276137775	82.5987638553448	133.512661153254	109.750496943578	162.291348011535	163.336363860264	179.728886970396	189.638161748516	193.067293731506	189.152207587211	89.1654354111752	113.749952751293	89.2942401226572	100.757016480631	90.2615764736594	108.676949344049	152.787342783134	170.927825893633	184.121524680275	187.13701694633	197.407577645433	185.101507252132	102.920064205782	71.2833390284746	148.713657189273	95.7313363915083	141.54007351276	150.081076691456	164.640619138719	161.734227299055	174.817231204749	185.594250857361	181.267278829042	114.536086089743	106.041422167573	115.241734648273	151.946591168143	149.496807147366	155.125745520496	172.022623951132	164.22311927119	183.229824102102	182.795185717099	197.492542514612	194.369823529499
Vv193	115.362237582805	131.014252436889	107.022873238845	76.2275619304889	139.093477727126	137.670792397643	191.383387592074	192.374558014059	211.9900804411	207.749733780596	95.1360558011946	97.7241357837436	99.4976196414069	104.919461332721	159.925167381169	198.0162139935	190.056650860637	194.385358856318	208.955437109344	88.9952608132367	108.627276137775	0	100.277408738597	120.372365493907	76.9485458957951	152.782862709044	165.274418589098	174.50726134091	193.388714445891	198.241623399713	196.444625844125	130.5411038155	131.371601107511	102.236439438649	86.1096893278045	105.724978782447	103.685357905148	145.640548990518	164.178304746863	183.775798197333	188.160852551868	191.76606812454	193.157588388111	121.138918564862	110.459786850368	96.2653012522704	77.014836736004	133.093004052539	142.438358693273	155.557378339247	159.961661401783	168.284845733698	189.312527999955	185.796000991258	86.2525705461566	83.2934871392762	88.1176158544893	112.243168335483	144.974480307406	144.935726195754	167.070801738292	158.754235897755	181.823982909651	182.217901334866	194.021739664039	198.307371708742
Vv194	101.949846778949	105.154042289629	76.6097129005385	112.187331406603	136.390941134416	137.969695587244	203.012880427966	204.146512973338	220.941021729072	217.884576946408	100.510127048197	105.925864200804	84.6565860176581	85.0639613072706	168.012362711706	209.879709742349	201.80081782635	201.87690637244	217.474334810949	87.4139364229744	82.5987638553448	100.277408738597	0	110.536968539227	107.706377698869	158.21358837863	167.643965450539	185.188718684493	199.412617299003	210.954525594155	202.191392303296	114.219620481332	123.104545522773	97.152836318279	110.042283427946	92.3427120079963	116.712074156435	148.926306624923	170.219391419034	190.657746636741	194.715688242989	213.591173776096	201.762662962938	119.511907316506	98.1964844586496	147.292071600369	89.8225828353256	133.330785971578	139.148403011474	160.53690007949	163.109180081889	173.68611062676	197.503392267964	196.08592816788	103.297377388305	107.687682221876	106.073456103404	152.800134453872	140.4850008306	146.183483247737	172.833211674766	163.045619420672	186.904894728159	185.374531395096	212.988501728326	209.29566834259
Vv195	136.616498823096	135.604729842457	106.230459534875	122.314898231796	86.8905316310474	89.9200997138398	171.157145285299	169.958194721136	204.902583616934	205.765967340562	119.057938774579	149.347770357187	83.4242503900827	79.2104451741368	125.306077167248	187.286374881707	176.336968537646	190.215930097823	199.526258956286	132.200642314151	133.512661153254	120.372365493907	110.536968539227	0	109.90250955784	111.606654616908	136.62012718254	150.153331913335	190.419947360923	206.710580049162	191.18118810534	151.565889225835	146.252111661057	129.361861225511	134.996200121303	107.812379523764	110.105791838257	105.633609660559	130.142860054396	173.358417194696	169.428165270043	211.083044632543	204.456848361943	143.346565023216	134.881417844787	119.423518051199	114.925474535078	88.1456834596073	84.9150765954631	117.37984209351	128.291852941664	150.138642231079	194.3040072523	192.004639184475	126.926717374354	141.324228583199	104.417051051694	121.323399145246	98.6416301691176	94.9889995099604	136.593235004034	124.789274866547	169.423143649934	178.273411231888	210.290625635132	206.153627182176
Vv197	120.36289180233	134.452707877917	124.093604359737	106.688170245863	114.667753258343	114.00240212048	167.54069490814	172.370505821434	206.406756688676	202.419653640979	122.057341115112	116.051316510196	98.5851531938685	106.331848976536	135.541250751276	178.226533220169	169.350606372003	188.496495741729	203.147695325654	98.7930588253905	109.750496943578	76.9485458957951	107.706377698869	109.90250955784	0	127.168532553121	131.705042692387	150.204857965218	172.76003407816	185.675506970505	190.227251723407	135.682934572265	151.608485199161	106.319119320978	98.9972919571862	103.583209901343	84.1812474127505	122.297239055027	140.222814166135	165.824374953991	167.422230687866	190.987590477971	183.730613588354	142.091714728699	116.125935103169	97.4101909215737	82.6655483022359	112.686605160705	124.964735294186	133.33966327161	131.698952005224	150.107917703232	178.614610089179	174.198043944047	113.812542628974	114.885469683881	74.286334950407	113.633513004072	124.459159735487	131.766296482055	142.875348944498	134.955249701045	162.285635599985	167.133007329923	187.685704014851	186.962355894526
Vv199	162.394865401847	167.726604653993	164.40024667414	164.278560865336	95.7165834815627	89.352932468774	126.32549679526	137.381065989706	207.818186706406	206.778405287694	168.628186296649	175.567118455307	134.869420389564	134.305017814935	65.158723641387	151.366285913923	137.958656789863	194.060198721907	202.738529325254	158.730140399818	162.291348011535	152.782862709044	158.21358837863	111.606654616908	127.168532553121	0	84.6833767660535	96.2519033704508	163.193559930488	193.547171092528	197.176369374525	175.714085881905	189.631582344558	157.36759937319	160.883737082928	141.115379181227	121.106895408045	75.236187805181	80.9080985051839	138.943688685633	130.267316741018	208.008590190897	193.86506986293	184.738019982725	163.751393181392	134.758498355981	142.686986671034	95.8858886116924	108.697262231095	72.7864749184154	80.311424232589	105.57862621421	180.978887176837	177.882630913884	167.973083693499	175.910300242411	119.769674373019	139.794284142375	105.760419975264	117.037884102098	86.5642193884552	77.3588477304116	129.839865956549	147.906632328302	200.059202446096	192.227160002604
Vv200	167.775488006763	170.598547789047	177.863632428075	177.143968725819	110.253159299246	105.477480472848	106.240653278296	117.912114516408	195.697305742872	194.35010346836	183.381972956393	184.042629385133	154.736858552365	154.446140004781	85.8116174374105	132.615199183481	121.818974861823	186.753444611206	193.436417441775	165.476243779582	163.336363860264	165.274418589098	167.643965450539	136.62012718254	131.705042692387	84.6833767660535	0	83.0873215217011	131.784171637654	180.036855674967	188.617896355623	181.523981902172	197.485934932139	170.47050525184	172.147275858472	156.309296799872	129.150940846198	100.541698934967	93.054548920655	123.773732700387	117.684437815848	197.885832832227	184.401900379053	189.499601242732	169.810790070782	147.239111952663	157.699008897402	117.001968365492	123.477358319984	93.8515259304114	72.4948585355026	103.077232024286	170.644539249211	167.284550543481	177.714316918601	184.132894661618	135.576120432007	147.308537174629	116.758494505623	128.461303119994	85.5246239408073	89.1795688422667	113.103362382519	133.129329172116	190.590585760949	181.659216806844
Vv201	177.237884472233	182.387911092466	189.387637642028	185.713464948423	125.090978765065	117.460849059468	66.9350050663782	87.1502710905012	195.382069629717	195.263836285272	192.281301775053	193.200451642835	166.500729123132	165.150333843054	84.4815523874653	107.036184594844	88.5629928802549	187.777858804525	192.833280296401	176.801100926003	179.728886970396	174.50726134091	185.188718684493	150.153331913335	150.204857965218	96.2519033704508	83.0873215217011	0	129.90276427413	177.405829844081	189.582026771131	191.153321624237	207.085261095111	181.598545511095	182.871342139677	168.064087363298	141.951416221527	115.141151721985	104.550418715282	103.319205056707	110.068862788776	196.532655196332	181.922520611793	199.44151293616	180.338858579018	154.407214713921	167.502753375364	129.276307997139	136.143620477672	104.99498668629	96.6999205490796	92.1486749061769	166.581588060603	163.207941878703	189.96931401814	195.23088723819	147.684845429113	155.268301546514	133.831167255658	142.351635335494	98.0988644889507	107.176838715607	97.8955957694939	121.640432039561	187.391697951079	177.477756638028
Vv202	191.690096493313	194.371515849095	206.670030338066	205.174581750334	173.315098268262	167.370352512233	126.175452604141	130.989641828284	191.867392295799	189.805989818794	210.897659679325	200.175736286988	194.99519686178	196.26712321032	156.963909672479	114.511066475936	115.4053496657	186.224413098463	191.437528745077	190.831640841554	189.638161748516	193.388714445891	199.412617299003	190.419947360923	172.76003407816	163.193559930488	131.784171637654	129.90276427413	0	165.658269834765	187.656028894946	201.469809564814	213.520012341643	201.706514351388	198.693790642759	193.085785841259	171.057446961142	167.509926062492	162.009501229968	118.314916603392	150.797059859727	183.669173791054	166.882711911435	207.056721666898	194.360474646521	186.454317552708	190.066741802664	176.742288964688	180.935141694541	161.843908576789	144.827396688493	142.995116226311	155.641142590166	154.369331983483	204.04111590002	205.00590290741	177.939965328508	186.83420977967	175.266173644921	181.563958581543	152.734403663568	158.604726800905	122.461464078564	121.748359606022	173.537195324335	164.324479398747
Vv204	182.793505733742	186.250968186408	211.37160579407	206.234661925389	186.401715904771	183.495728733264	169.932031071402	164.763664676785	123.716256620785	118.443906461329	215.946578605841	194.053092371618	203.828780562403	207.098368517331	193.452414338492	147.190567062042	160.600436825799	125.056628102895	122.636650608196	192.955993563743	193.067293731506	198.241623399713	210.954525594155	206.710580049162	185.675506970505	193.547171092528	180.036855674967	177.405829844081	165.658269834765	0	122.234414954409	197.760781344986	202.958256705519	204.81600063667	199.623614329888	199.274466554786	172.173978155949	196.21964526884	203.074503163536	178.40659726086	199.000015369829	101.569673584679	71.5631389713269	196.056817894101	187.994224995511	189.932186067687	195.797929869963	194.798027772757	195.482892545124	193.857862973444	185.834313686051	195.776521180864	74.8520934112168	65.6312137441834	208.551297333725	206.686982840767	189.825796123853	191.482484342334	193.093229900169	195.0786873557	195.935375780992	194.041548758091	181.187015842436	177.213143690798	72.5092441704754	54.1117761928223
Vv205	179.039535458325	175.968733391358	193.406464081289	192.250983213109	181.555449171423	179.818767890432	185.863566712831	165.887150004374	75.5591774743069	79.7145826265767	196.901525814747	192.684999318569	194.893662991964	195.288471896402	201.452734429596	175.273704991864	181.823313630929	48.6703724117013	60.7782177125903	193.435679306094	189.152207587211	196.444625844125	202.191392303296	191.18118810534	190.227251723407	197.176369374525	188.617896355623	189.582026771131	187.656028894946	122.234414954409	0	195.154172395643	182.355330702919	204.1698481352	198.184213942311	194.082544505791	176.949259573504	197.943350703625	209.117033969362	194.420164734805	206.667485374872	119.999967185245	133.975913195831	176.221892809265	186.300827051389	187.111472933472	198.27961605508	190.345763161143	185.330071416478	198.952149786517	193.52187495511	207.032821244556	142.730405764721	136.298645158962	195.561859119691	196.358815032093	195.748701556753	179.798856997789	187.607780611534	182.830777656737	202.887327746613	198.78982513154	196.145751617041	194.265808961177	125.15495095464	133.987408184259
Vv207	87.0205580132902	95.8805750213537	115.539428348128	141.643454011863	158.631476463465	156.856927972005	202.007527171829	204.811531325627	212.439783204595	209.64922832196	125.080194017489	98.1106457952042	124.824786072096	129.594995459856	180.594015064669	202.989697335921	199.422221045193	192.423272099681	206.170195916116	87.6245546042522	89.1654354111752	130.5411038155	114.219620481332	151.565889225835	135.682934572265	175.714085881905	181.523981902172	191.153321624237	201.469809564814	197.760781344986	195.154172395643	0	113.470119132166	96.3108292925629	108.405127723826	101.019718008513	124.654519632786	164.318551966221	180.635951765897	187.041965310629	192.627823525456	199.869291489139	184.905853659919	113.061303099509	83.4006723112993	167.836383419526	114.751308103661	158.30495964483	167.827299248507	179.622266597408	180.673303551732	183.865108415352	190.804305228094	185.864955422519	133.351807112344	122.251344366473	136.54732157039	171.475865593741	166.412884786687	172.077560699259	185.659369161344	179.102682266285	190.948946123427	189.302081590458	200.652363592912	197.040734031562
Vv208	111.092572576481	104.469203049313	96.3346159328291	115.03597678895	170.186815753028	170.055545385868	217.554769129721	211.768928912902	193.776749251098	193.385017665039	96.6394402485565	110.363120704248	132.86220653608	133.583746468036	199.188831482647	217.032916348348	215.422342002422	183.14128360069	192.417372522225	121.841779134473	113.749952751293	131.371601107511	123.104545522773	146.252111661057	151.608485199161	189.631582344558	197.485934932139	207.085261095111	213.520012341643	202.958256705519	182.355330702919	113.470119132166	0	125.452007736205	119.912805500185	120.874592948596	140.304136421416	176.971805446819	198.170972226365	205.380720585256	211.913111952251	188.665701438565	191.231432579012	69.5367099913069	113.068595306202	156.886455023676	136.625709702031	167.151665026724	166.005106356348	188.138455913151	191.03726243607	201.481529009845	194.160507819393	190.815740414471	103.098550627132	102.06714563592	149.916222887678	149.782107706927	169.141409003747	159.329807651034	197.956809233956	188.804264320578	205.138344773593	201.620612558182	199.902721761121	202.249290635841
Vv210	92.3819397145208	108.230036521287	102.849861337026	119.443775433792	140.60246029093	141.110631363849	196.888718932295	201.837379055334	221.69138364432	217.893834739889	111.04663404374	92.6731706901114	97.6833657216151	106.683697298627	163.183213938179	203.798979353378	196.556509129536	201.284089219005	215.540978182727	75.9890292500069	89.2942401226572	102.236439438649	97.152836318279	129.361861225511	106.319119320978	157.36759937319	170.47050525184	181.598545511095	201.706514351388	204.81600063667	204.1698481352	96.3108292925629	125.452007736205	0	68.6981848738748	61.4904813657971	87.8968692609702	140.910086382133	159.731028800131	184.073772093754	183.698254194986	205.475538084822	192.23288561882	125.751498802296	85.7102640125097	140.6302071059	80.4567218464666	133.988289631197	147.627794086729	160.075356679553	164.852531787121	169.832624421812	194.989657226055	190.946993632054	116.445906368552	109.997283076656	102.977999318604	151.711295105672	145.415600016043	154.143777118	168.551210002751	160.529211141064	184.411113663416	186.233514220385	206.442844751517	203.525796423311
Vv211	103.378976693639	116.852736226727	110.277290316704	101.149413947797	146.283188151052	145.854845083176	196.90460166615	199.678924785251	213.662685580556	210.223864526073	108.125304005113	85.9039445656057	109.86558049393	117.985958503225	167.315659885505	202.253812098055	195.852077006747	195.04062972995	210.000210831738	86.2666376902721	100.757016480631	86.1096893278045	110.042283427946	134.996200121303	98.9972919571862	160.883737082928	172.147275858472	182.871342139677	198.693790642759	199.623614329888	198.184213942311	108.405127723826	119.912805500185	68.6981848738748	0	80.4216389105831	88.1819868315004	143.242436651104	163.326060123724	183.63751551314	183.423984480169	190.89789818773	187.406525598485	119.420211962744	99.1836765478073	121.399354388955	88.4619791917906	139.023223037541	150.254656339564	161.759816772731	166.84427391305	172.145176902898	190.954654095614	186.359257733226	103.94386335573	88.5733672666722	101.492937525275	132.993683795108	147.721339275311	152.184566096043	169.460627066686	161.744073849147	183.631631509909	184.002955658303	194.963419945704	198.523553922316
Vv214	90.8084237237714	97.7522222272499	95.7761031739245	117.366665418175	118.844433494326	121.235624414614	184.16820748418	187.583541500496	211.576722288744	209.590396072515	109.706836463757	101.36058793004	83.532056339952	90.514332185771	149.443633932377	193.191127981479	185.615009301012	192.080580349708	205.240747660137	86.1795444789868	90.2615764736594	105.724978782447	92.3427120079963	107.812379523764	103.583209901343	141.115379181227	156.309296799872	168.064087363298	193.085785841259	199.274466554786	194.082544505791	101.019718008513	120.874592948596	61.4904813657971	80.4216389105831	0	75.969145328662	120.927821975948	144.617617478688	173.248529197981	172.509673981915	201.290246422943	187.53905105133	123.335145015773	87.3995113513668	130.701953308449	82.9980463195983	111.542658830821	124.04894462221	141.886214760116	148.684859606516	158.592128090076	187.862430309568	183.806111979108	117.204722741083	114.069659607283	95.1651726952835	138.928356494336	123.57517857137	132.57501239684	153.110534352064	143.67168542894	173.546348654962	177.181254310281	202.432098045088	198.167090757993
Vv215	105.671992399501	115.838605103866	120.705450799758	118.13447081305	99.2167049539124	100.713374808637	155.309321497974	160.998340580537	190.381564573037	187.617111476543	127.031839779623	115.987825993512	97.4076812743575	105.016253678658	126.83790118911	165.017689349866	158.724650596627	174.231880600929	185.257759890378	100.4589558411	108.676949344049	103.685357905148	116.712074156435	110.105791838257	84.1812474127505	121.106895408045	129.150940846198	141.951416221527	171.057446961142	172.173978155949	176.949259573504	124.654519632786	140.304136421416	87.8968692609702	88.1819868315004	75.969145328662	0	102.359178354928	124.599296815063	155.890312400904	154.666045080146	180.211621744727	169.256222424532	135.398957670984	105.253076668675	100.995609255722	84.1668970916387	94.3161600336858	105.739999182257	120.76156497135	124.57205720151	142.912425790619	163.708940671281	159.294468578682	121.08897082937	121.848449281944	75.3561041565509	113.87301486888	101.213054563859	111.920976294946	130.976766765961	120.736864326716	154.254504417885	162.195067974318	177.074440114532	171.89753783319
Vv217	153.224068041601	156.472885246734	153.00515846769	156.13250794351	91.1400198079181	90.5480198857755	138.488627987526	146.812197364521	207.950373358679	207.534844778564	158.699258778889	166.750336527675	124.333747170035	125.440879868719	87.1354992948092	158.282021563436	147.348077310639	194.669609528069	203.507831362042	149.720688196205	152.787342783134	145.640548990518	148.926306624923	105.633609660559	122.297239055027	75.236187805181	100.541698934967	115.141151721985	167.509926062492	196.21964526884	197.943350703625	164.318551966221	176.971805446819	140.910086382133	143.242436651104	120.927821975948	102.359178354928	0	61.4588613111724	135.978261624146	127.298679105	204.947438276091	191.847974542283	175.068943175393	154.386523340415	125.283292211037	132.151892224431	79.0549281393544	95.0076446468943	67.8905056066116	89.5688168279619	108.055391890697	179.799034643895	176.967343664806	156.323436414295	163.29672987858	107.747983308486	130.559606910342	84.7169082868346	102.535129818766	82.2061798567629	69.4162113950244	130.59641241546	147.059920699158	200.729767957889	193.012118961675
Vv218	172.168884043596	176.634326269145	175.853418851407	177.281306698447	113.814938571365	109.554136075391	128.878847147222	141.362714105172	217.592297750102	216.529175563768	179.069447114286	183.910186458276	148.906944586398	149.42520944867	82.7498574650257	152.316895324285	139.850046081413	205.53208570429	213.503796307778	166.740703813562	170.927825893633	164.178304746863	170.219391419034	130.142860054396	140.222814166135	80.9080985051839	93.054548920655	104.550418715282	162.009501229968	203.074503163536	209.117033969362	180.635951765897	198.170972226365	159.731028800131	163.326060123724	144.617617478688	124.599296815063	61.4588613111724	0	122.929548493128	109.612515069394	212.360241400697	198.229400344723	194.472207948111	173.127163291407	144.028722650777	152.501090526711	104.491200661377	118.991401057381	71.8163827763938	86.9880666463656	90.9621646301141	186.843715332289	184.057428587188	177.157098461708	182.402528758169	128.662784700161	148.565548469844	108.368158292623	124.585455219706	67.7545985466023	69.7450180488645	116.203590755274	137.615251312583	207.510753354024	199.815787972098
Vv219	182.520938612322	186.665721353437	195.536306372927	195.906433488967	156.249542925975	150.122930061749	101.74673779058	114.087902831929	200.88203165196	197.717737339535	197.860277545792	191.531720913537	180.406703811432	181.01696510347	129.24396811936	102.694270163718	95.0753064352831	190.566826900255	199.339642027597	180.742424599224	184.121524680275	183.775798197333	190.657746636741	173.358417194696	165.824374953991	138.943688685633	123.773732700387	103.319205056707	118.314916603392	178.40659726086	194.420164734805	187.041965310629	205.380720585256	184.073772093754	183.63751551314	173.248529197981	155.890312400904	135.978261624146	122.929548493128	0	106.570703511978	187.04924624442	168.062499217826	201.28133963533	183.773579388846	174.536556498501	176.302565868129	155.506034903589	164.298868396091	133.196935506506	131.758892422843	93.7382563285385	159.547828756877	157.389141735747	194.243210956836	194.220111643619	163.52155645072	176.200493360293	158.13748609616	168.910259075853	117.329376798229	130.019676540616	68.6857035546439	75.3137596501751	179.770818187224	173.004798390676
Vv220	185.540380608897	189.856979549014	198.570913763983	197.731915202044	150.272116118043	144.080967338984	121.453864319039	133.41410151421	212.071844725909	210.337632600049	200.693849355664	197.289537477889	181.489904105847	181.452352081808	122.854642586091	143.953183483566	131.770209593544	202.721529378684	209.661985230684	184.207416071683	187.13701694633	188.160852551868	194.715688242989	169.428165270043	167.422230687866	130.267316741018	117.684437815848	110.068862788776	150.797059859727	199.000015369829	206.667485374872	192.627823525456	211.913111952251	183.698254194986	183.423984480169	172.509673981915	154.666045080146	127.298679105	109.612515069394	106.570703511978	0	205.950251790708	193.183998008529	205.812638294059	188.235909832774	173.70664364895	180.243127436773	148.627764294832	157.249468835604	128.420103884768	126.858312439868	102.282377734357	186.501339435989	182.338757099891	198.975335665691	199.125843437606	166.284444730226	173.719889805906	151.996387228661	162.676287452654	110.207755379619	123.473867630337	105.42367987188	127.346543311864	201.771752027536	196.943860555128
Vv223	187.174882237294	188.992964120018	207.716776186295	191.753602286764	199.793401431894	196.957109908184	191.479460125884	179.686633098919	114.868924347912	108.542470252787	206.343221037663	189.164996073064	207.527904578433	211.957782742367	209.435521535493	175.126735834166	184.107758750368	120.874073544343	117.518884341195	197.961038639791	197.407577645433	191.76606812454	213.591173776096	211.083044632543	190.987590477971	208.008590190897	197.885832832227	196.532655196332	183.669173791054	101.569673584679	119.999967185245	199.869291489139	188.665701438565	205.475538084822	190.89789818773	201.290246422943	180.211621744727	204.947438276091	212.360241400697	187.04924624442	205.950251790708	0	87.9794959824489	184.400844894546	193.801651629928	183.943654411962	201.068731640432	204.809699105819	204.370158039432	205.94676320475	200.535469433718	205.13270374729	114.675509447027	109.078793157033	196.17915400287	189.338159427927	197.091389039721	180.213552027334	201.306613850962	199.226096274534	205.871721240236	204.118787485943	189.924200091955	183.254169408088	71.8359270188087	102.110348411469
Vv224	175.792290757956	179.564922494299	202.818344704471	202.203631963168	189.903254365277	186.682038727794	177.763339261978	175.034900923093	139.381574029689	133.252033264352	208.35769774949	182.027413876058	198.412005841107	202.837956701699	194.32147095191	155.919731054556	166.676813021825	133.7704812397	137.790207791398	185.242431864431	185.101507252132	193.157588388111	201.762662962938	204.456848361943	183.730613588354	193.86506986293	184.401900379053	181.922520611793	166.882711911435	71.5631389713269	133.975913195831	184.905853659919	191.231432579012	192.23288561882	187.406525598485	187.53905105133	169.256222424532	191.847974542283	198.229400344723	168.062499217826	193.183998008529	87.9794959824489	0	190.050187151015	181.554647422873	192.604398810191	189.495604918719	195.269222052432	198.207174581914	192.342143696719	186.884251609606	187.922903572184	78.8692439529568	70.9931007511905	201.562833437137	196.508522305938	185.169948466804	194.187074984903	192.347461714009	197.046153514707	191.738517164721	190.573411051917	171.737890166299	162.725214001167	75.4695498348346	65.0478632236337
Vv226	101.583832974157	98.3462200985371	95.0937509734524	102.01636721638	162.122750128861	161.771065277336	208.931762079579	202.837400258286	186.235432324716	185.128400029767	88.1694201676432	103.303765352378	127.482837160453	128.470982201987	192.173933341033	209.283401782984	206.707390336851	176.464974494463	185.654451995775	112.285093719833	102.920064205782	121.138918564862	119.511907316506	143.346565023216	142.091714728699	184.738019982725	189.499601242732	199.44151293616	207.056721666898	196.056817894101	176.221892809265	113.061303099509	69.5367099913069	125.751498802296	119.420211962744	123.335145015773	135.398957670984	175.068943175393	194.472207948111	201.28133963533	205.812638294059	184.400844894546	190.050187151015	0	97.9951802945267	143.678200113706	124.848772952608	159.642103610907	159.096504449947	183.511571121966	184.510914100973	195.286889298442	188.403179769909	184.271702777185	92.3668060986558	92.3631683987313	143.51593121432	137.508829346242	166.223303713134	156.038427308331	194.171811545636	185.545292733582	201.624905587898	199.906401532061	194.506401400511	197.234962578227
Vv227	68.5448910948788	81.3007666976513	100.436358935265	120.828721127259	140.87591617022	140.315414345011	191.846840488019	194.156471529761	203.622631515947	201.108337267106	109.774781058605	84.8654111054801	104.519345211674	109.20748839717	169.910220477166	194.020780016924	190.266277002132	184.903002801397	197.845037369437	71.6994528695164	71.2833390284746	110.459786850368	98.1964844586496	134.881417844787	116.125935103169	163.751393181392	169.810790070782	180.338858579018	194.360474646521	187.994224995511	186.300827051389	83.4006723112993	113.068595306202	85.7102640125097	99.1836765478073	87.3995113513668	105.253076668675	154.386523340415	173.127163291407	183.773579388846	188.235909832774	193.801651629928	181.554647422873	97.9951802945267	0	143.741443320882	84.0399954817962	138.959906097418	147.715611676323	165.607338687194	166.44506060713	176.209495261722	180.944250309157	175.852964069424	116.945107834836	109.686304970979	116.356555761178	151.359979982426	152.9821390215	156.545905266735	176.337329417596	168.990796031373	186.783163608584	187.583214847504	193.920897060401	189.731297930092
Vv228	147.038079278877	155.71293600972	143.234126753301	99.9898873708623	117.75609327676	118.818946004929	167.382894294822	166.586440372339	195.290949906598	192.931771195261	127.266890352033	143.261600100524	121.965666830129	125.695932739242	141.27684092023	179.258968628923	171.822858186741	183.794298029645	193.339940823754	137.868639334922	148.713657189273	96.2653012522704	147.292071600369	119.423518051199	97.4101909215737	134.758498355981	147.239111952663	154.407214713921	186.454317552708	189.932186067687	187.111472933472	167.836383419526	156.886455023676	140.6302071059	121.399354388955	130.701953308449	100.995609255722	125.283292211037	144.028722650777	174.536556498501	173.70664364895	183.943654411962	192.604398810191	143.678200113706	143.741443320882	0	111.629548480463	108.006204105775	109.644055860077	128.018482354227	136.967627062302	157.079113651936	181.48766289003	177.306074223189	115.593047161861	122.018583613745	93.9720313209353	63.4826312389445	119.438246843728	114.183928789679	146.280703809078	136.597862252583	171.298942314587	179.452486201817	185.410988204928	189.800638902589
Vv230	98.8505430148073	117.528923963319	100.282545856183	102.781251224656	125.286073493882	125.49146033539	183.639608003522	188.923378352752	216.213918130197	212.764153008121	101.335716732412	94.7587696196368	82.0961179382999	87.9830805599376	148.335944155532	190.86405939843	182.656648613028	194.944369521562	210.487278928757	76.8907853497372	95.7313363915083	77.014836736004	89.8225828353256	114.925474535078	82.6655483022359	142.686986671034	157.699008897402	167.502753375364	190.066741802664	195.797929869963	198.27961605508	114.751308103661	136.625709702031	80.4567218464666	88.4619791917906	82.9980463195983	84.1668970916387	132.151892224431	152.501090526711	176.302565868129	180.243127436773	201.068731640432	189.495604918719	124.848772952608	84.0399954817962	111.629548480463	0	115.981698786704	130.10258115313	143.155445825712	148.547492033801	157.444500139687	184.130808065647	180.687572131373	100.674704176711	104.154095104202	72.0665390507013	130.75197999362	133.244308651716	139.667490802574	157.95458809282	148.963956728898	175.436979979241	177.417608236442	198.125889612747	194.435701677805
Vv231	140.833615553618	142.8180291788	137.538051831514	141.543294935176	72.1448179538701	72.3302352831643	148.929941225769	153.094108236594	200.632830578036	200.866939143417	143.739097615329	157.752489006982	104.38170389286	104.32838979412	105.959962543301	167.296075046163	156.279681223534	187.419255382015	195.967275568201	140.036741346094	141.54007351276	133.093004052539	133.330785971578	88.1456834596073	112.686605160705	95.8858886116924	117.001968365492	129.276307997139	176.742288964688	194.798027772757	190.345763161143	158.30495964483	167.151665026724	133.988289631197	139.023223037541	111.542658830821	94.3161600336858	79.0549281393544	104.491200661377	155.506034903589	148.627764294832	204.809699105819	195.269222052432	159.642103610907	138.959906097418	108.006204105775	115.981698786704	0	65.40088366467	84.5609689454841	103.514281670737	128.247192899204	180.505638965005	178.086521224651	145.359960369511	156.335799933048	96.8157825354526	116.316281670854	77.8563941704931	91.5438518675133	114.67517196714	101.016701287044	152.748634943432	166.059010117525	200.295732186725	193.232536810905
Vv232	148.371839683542	144.661481819118	137.525651744908	144.973705779194	70.2007791607024	80.1563558065191	152.264945779662	152.100246212799	193.698949589074	195.464285299664	146.945143831564	167.886994003526	112.035335129156	107.052055160133	119.427104155193	171.64373858132	163.058980164388	183.784419976917	190.754182195921	151.619167479047	150.081076691456	142.438358693273	139.148403011474	84.9150765954631	124.964735294186	108.697262231095	123.477358319984	136.143620477672	180.935141694541	195.482892545124	185.330071416478	167.827299248507	166.005106356348	147.627794086729	150.254656339564	124.04894462221	105.739999182257	95.0076446468943	118.991401057381	164.298868396091	157.249468835604	204.370158039432	198.207174581914	159.096504449947	147.715611676323	109.644055860077	130.10258115313	65.40088366467	0	97.9671834549144	112.674124809088	141.49505714049	181.756452074071	179.363392277455	145.911050688482	160.456605405375	109.807060520331	110.761064248502	69.5425639776938	72.9424078173643	123.394981759713	109.487155178859	159.976755009122	173.189273210935	201.025543497769	194.351187099234
Vv235	164.809618697534	168.947891495781	165.908989037422	165.795097293196	100.345999153875	96.6246446438366	129.663649696636	139.453428484582	207.313704067258	206.452511211415	169.242557823405	176.157176463875	138.845732551859	137.796563313766	81.3910393761334	150.041753680678	138.505242823394	195.676127326334	203.221261357697	162.525101035243	164.640619138719	155.557378339247	160.53690007949	117.37984209351	133.33966327161	72.7864749184154	93.8515259304114	104.99498668629	161.843908576789	193.857862973444	198.952149786517	179.622266597408	188.138455913151	160.075356679553	161.759816772731	141.886214760116	120.76156497135	67.8905056066116	71.8163827763938	133.196935506506	128.420103884768	205.94676320475	192.342143696719	183.511571121966	165.607338687194	128.018482354227	143.155445825712	84.5609689454841	97.9671834549144	0	68.2951349269453	92.429251607441	176.530672873744	174.635630093719	167.844317873812	176.338557591894	116.885457236352	134.714482582746	98.7786083202065	112.74459023118	76.3016595485178	67.4908924783651	124.448008404021	140.686413078405	198.060996162182	190.334038116475
Vv236	165.761230411124	169.825904584872	171.32415009662	170.089149304535	106.134301660247	102.113964224395	120.02640864044	130.552977109419	201.565628041118	200.002858344369	175.434146881529	177.436155896849	145.56377734951	145.543017267058	81.3971764810055	140.968326167006	129.472798517057	190.35372600284	197.992281806441	163.997293887669	161.734227299055	159.961661401783	163.109180081889	128.291852941664	131.698952005224	80.311424232589	72.4948585355026	96.6999205490796	144.827396688493	185.834313686051	193.52187495511	180.673303551732	191.03726243607	164.852531787121	166.84427391305	148.684859606516	124.57205720151	89.5688168279619	86.9880666463656	131.758892422843	126.858312439868	200.535469433718	186.884251609606	184.510914100973	166.44506060713	136.967627062302	148.547492033801	103.514281670737	112.674124809088	68.2951349269453	0	96.393390896623	171.32287601958	169.590887103031	172.050312698601	179.573320860967	126.946486609525	140.589854676966	112.127810022365	122.711114007952	85.2563552697379	83.3836416374888	121.626014611478	138.708405585184	192.534367583234	183.638450121877
Vv239	175.904430589817	183.789565611277	180.575037467743	181.693861291163	137.200289555527	131.083510046199	114.748222913632	130.215837213445	215.514945928201	213.038303434492	183.043041914111	182.229328724902	160.277959801941	160.172409941543	95.9895255457056	134.522109290544	118.19558662531	201.931489520161	212.782850867934	169.595815427799	174.817231204749	168.284845733698	173.68611062676	150.138642231079	150.107917703232	105.57862621421	103.077232024286	92.1486749061769	142.995116226311	195.776521180864	207.032821244556	183.865108415352	201.481529009845	169.832624421812	172.145176902898	158.592128090076	142.912425790619	108.055391890697	90.9621646301141	93.7382563285385	102.282377734357	205.13270374729	187.922903572184	195.286889298442	176.209495261722	157.079113651936	157.444500139687	128.247192899204	141.49505714049	92.429251607441	96.393390896623	0	174.769423578117	172.927586372409	181.825295780731	184.975827419712	140.90888796621	162.995901914886	139.906702817959	151.978854718042	85.9517787689614	100.705567040747	86.6756657430837	104.024770685336	196.796428993598	190.205757268918
Vv241	176.78115220892	179.542174155365	198.336974092233	196.742011845748	175.182270280906	173.314856612125	160.829434494603	160.128797769826	143.143962171878	139.041229139751	205.237471023447	187.387309384	190.434857771171	193.720374038513	179.892711849433	138.802178366864	150.39929635459	141.974564861627	144.561215449177	186.959938127049	185.594250857361	189.312527999955	197.503392267964	194.3040072523	178.614610089179	180.978887176837	170.644539249211	166.581588060603	155.641142590166	74.8520934112168	142.730405764721	190.804305228094	194.160507819393	194.989657226055	190.954654095614	187.862430309568	163.708940671281	179.799034643895	186.843715332289	159.547828756877	186.501339435989	114.675509447027	78.8692439529568	188.403179769909	180.944250309157	181.48766289003	184.130808065647	180.505638965005	181.756452074071	176.530672873744	171.32287601958	174.769423578117	0	41.0578055810254	195.559523426817	195.595339484068	176.606643606508	183.199706408155	179.158584396893	182.070946878409	180.157159112158	177.834535940356	161.506739764144	154.861796477307	91.1530745986839	61.7235576023075
Vv242	171.571953183496	175.386994424569	196.122213157895	193.566612731577	172.214152557385	169.989373889359	157.404263687288	156.161705005027	137.202536505618	133.228798156535	201.527522809856	183.106215434769	187.976236500874	191.556764945892	177.240359411177	135.550246162605	147.075082350385	135.554993921852	138.047243457801	181.784886123546	181.267278829042	185.796000991258	196.08592816788	192.004639184475	174.198043944047	177.882630913884	167.284550543481	163.207941878703	154.369331983483	65.6312137441834	136.298645158962	185.864955422519	190.815740414471	190.946993632054	186.359257733226	183.806111979108	159.294468578682	176.967343664806	184.057428587188	157.389141735747	182.338757099891	109.078793157033	70.9931007511905	184.271702777185	175.852964069424	177.306074223189	180.687572131373	178.086521224651	179.363392277455	174.635630093719	169.590887103031	172.927586372409	41.0578055810254	0	192.944821010916	192.089680151124	173.89069537235	179.673610746709	177.181606116035	180.030570342508	177.331580151612	175.662871234793	160.308897320825	154.977733971889	85.5783983389325	56.8919314320701
Vv243	123.921878014641	128.221300859942	90.7101956197773	72.7392318065354	150.912982558308	151.934527327287	204.685623863862	201.050114337812	206.846928276141	204.016157137822	76.105735567793	113.091029195966	108.608468732407	112.242416046201	175.333594088444	210.406524383863	204.447418051148	194.569217622826	207.520615724723	111.400646425398	114.536086089743	86.2525705461566	103.297377388305	126.926717374354	113.812542628974	167.973083693499	177.714316918601	189.96931401814	204.04111590002	208.551297333725	195.561859119691	133.351807112344	103.098550627132	116.445906368552	103.94386335573	117.204722741083	121.08897082937	156.323436414295	177.157098461708	194.243210956836	198.975335665691	196.17915400287	201.562833437137	92.3668060986558	116.945107834836	115.593047161861	100.674704176711	145.359960369511	145.911050688482	167.844317873812	172.050312698601	181.825295780731	195.559523426817	192.944821010916	0	59.4739364457878	108.597229081227	112.539698910264	146.109006584355	136.461596176738	175.773226023728	165.32868500717	189.023421214721	188.012713705854	203.380956560334	206.308932916012
Vv245	112.140046783541	119.023092425281	99.3679858311753	75.6156963302023	161.57490209545	161.435977456072	208.869195803998	206.444745745856	209.343171034199	205.108025702185	88.4065222282891	94.7494647764649	119.447593881421	124.358639754925	183.518670635304	212.792697240323	207.382934720499	194.913642257878	209.314671111157	100.844452379967	106.041422167573	83.2934871392762	107.687682221876	141.324228583199	114.885469683881	175.910300242411	184.132894661618	195.23088723819	205.00590290741	206.686982840767	196.358815032093	122.251344366473	102.06714563592	109.997283076656	88.5733672666722	114.069659607283	121.848449281944	163.29672987858	182.402528758169	194.220111643619	199.125843437606	189.338159427927	196.508522305938	92.3631683987313	109.686304970979	122.018583613745	104.154095104202	156.335799933048	160.456605405375	176.338557591894	179.573320860967	184.975827419712	195.595339484068	192.089680151124	59.4739364457878	0	115.461761049513	122.288118011564	157.874458375614	153.699400288439	180.858750179101	172.79470360176	190.494636069448	187.490039492997	198.650581380748	204.673509172951
Vv246	119.975374603191	132.96961830473	118.397503023453	111.885094434169	109.035790960832	109.462720000576	166.679043860154	172.798119310687	211.207987351676	207.888537262994	120.39504461003	118.356838628838	91.8484546473697	99.2945521134563	127.468161120262	178.287535157202	169.519724288069	193.604410973519	206.956486983613	103.244260166577	115.241734648273	88.1176158544893	106.073456103404	104.417051051694	74.286334950407	119.769674373019	135.576120432007	147.684845429113	177.939965328508	189.825796123853	195.748701556753	136.54732157039	149.916222887678	102.977999318604	101.492937525275	95.1651726952835	75.3561041565509	107.747983308486	128.662784700161	163.52155645072	166.284444730226	197.091389039721	185.169948466804	143.51593121432	116.356555761178	93.9720313209353	72.0665390507013	96.8157825354526	109.807060520331	116.885457236352	126.946486609525	140.90888796621	176.606643606508	173.89069537235	108.597229081227	115.461761049513	0	110.060974894962	103.110455170437	113.973964214786	131.915760314102	120.705701316275	156.774930742272	162.041112952661	191.338592542047	187.258414803613
Vv248	150.228944184414	153.402001714714	143.278705524857	102.313987888327	120.412182882991	121.78543625629	167.248709789079	161.943804900796	184.017340087819	182.789121564156	126.867991788319	152.724725097669	131.261649594923	132.772090994755	147.464173107642	180.355820039463	173.783388752422	177.942517549972	184.737908396932	147.595275858228	151.946591168143	112.243168335483	152.800134453872	121.323399145246	113.633513004072	139.794284142375	147.308537174629	155.268301546514	186.83420977967	191.482484342334	179.798856997789	171.475865593741	149.782107706927	151.711295105672	132.993683795108	138.928356494336	113.87301486888	130.559606910342	148.565548469844	176.200493360293	173.719889805906	180.213552027334	194.187074984903	137.508829346242	151.359979982426	63.4826312389445	130.75197999362	116.316281670854	110.761064248502	134.714482582746	140.589854676966	162.995901914886	183.199706408155	179.673610746709	112.539698910264	122.288118011564	110.060974894962	0	118.406038318493	105.745873643558	147.471323136791	137.457152330262	171.310356747832	179.794948675225	185.85266822202	191.478132951309
Vv250	149.692879622895	144.615505349338	144.10555650195	151.916432665375	81.5717795781397	88.7536147021676	150.529966282928	151.94615716013	196.078518553581	196.930428053628	155.451528332403	168.258234979787	119.564345711781	118.084800031005	117.643667924006	169.079382826504	162.260333232436	187.017024181153	193.474915957452	151.794528658834	149.496807147366	144.974480307406	140.4850008306	98.6416301691176	124.459159735487	105.760419975264	116.758494505623	133.831167255658	175.266173644921	193.093229900169	187.607780611534	166.412884786687	169.141409003747	145.415600016043	147.721339275311	123.57517857137	101.213054563859	84.7169082868346	108.368158292623	158.13748609616	151.996387228661	201.306613850962	192.347461714009	166.223303713134	152.9821390215	119.438246843728	133.244308651716	77.8563941704931	69.5425639776938	98.7786083202065	112.127810022365	139.906702817959	179.158584396893	177.181606116035	146.109006584355	157.874458375614	103.110455170437	118.406038318493	0	64.7391548369255	106.089806677926	89.3713925304775	146.017899798828	159.219255176405	198.434321295194	190.921669991527
Vv251	154.519045435619	148.401738044733	137.803201379865	143.654835781073	94.5499995052257	100.365148939181	157.620341050332	153.700763828183	188.942894304415	191.250464094182	147.308979475829	171.937216224948	123.646966971703	120.377264901126	129.271310759287	173.824707892181	168.193494891781	183.724766056452	188.016157987324	157.635101228553	155.125745520496	144.935726195754	146.183483247737	94.9889995099604	131.766296482055	117.037884102098	128.461303119994	142.351635335494	181.563958581543	195.0786873557	182.830777656737	172.077560699259	159.329807651034	154.143777118	152.184566096043	132.57501239684	111.920976294946	102.535129818766	124.585455219706	168.910259075853	162.676287452654	199.226096274534	197.046153514707	156.038427308331	156.545905266735	114.183928789679	139.667490802574	91.5438518675133	72.9424078173643	112.74459023118	122.711114007952	151.978854718042	182.070946878409	180.030570342508	136.461596176738	153.699400288439	113.973964214786	105.745873643558	64.7391548369255	0	120.424759990228	103.723059739906	156.700235803863	169.730060908212	199.671151947967	193.834100841159
Vv252	173.436482218629	176.629760352407	178.864200332648	178.86388455089	120.750788841323	117.137480873216	122.634651621261	133.78335505384	209.490159654172	208.811190778007	183.308467252232	185.647452719444	156.366916697743	156.066055292327	89.7926358458318	143.884730467196	134.094578058604	200.61846428532	207.216406486818	170.124344799582	172.022623951132	167.070801738292	172.833211674766	136.593235004034	142.875348944498	86.5642193884552	85.5246239408073	98.0988644889507	152.734403663568	195.935375780992	202.887327746613	185.659369161344	197.956809233956	168.551210002751	169.460627066686	153.110534352064	130.976766765961	82.2061798567629	67.7545985466023	117.329376798229	110.207755379619	205.871721240236	191.738517164721	194.171811545636	176.337329417596	146.280703809078	157.95458809282	114.67517196714	123.394981759713	76.3016595485178	85.2563552697379	85.9517787689614	180.157159112158	177.331580151612	175.773226023728	180.858750179101	131.915760314102	147.471323136791	106.089806677926	120.424759990228	0	55.1696755909885	97.2724425371887	119.859558958031	200.111748973195	193.071954793278
Vv254	165.552723267736	167.491194607231	168.914574366989	169.877336601012	109.046689024492	106.895197328158	130.747826743807	139.238581627809	206.644517884047	205.844015174375	174.27381316968	178.687333358088	145.189863255611	145.30055838582	89.8361064722217	150.817341362407	140.904796614793	196.768863401994	204.152830915841	163.51483622194	164.22311927119	158.754235897755	163.045619420672	124.789274866547	134.955249701045	77.3588477304116	89.1795688422667	107.176838715607	158.604726800905	194.041548758091	198.78982513154	179.102682266285	188.804264320578	160.529211141064	161.744073849147	143.67168542894	120.736864326716	69.4162113950244	69.7450180488645	130.019676540616	123.473867630337	204.118787485943	190.573411051917	185.545292733582	168.990796031373	136.597862252583	148.963956728898	101.016701287044	109.487155178859	67.4908924783651	83.3836416374888	100.705567040747	177.834535940356	175.662871234793	165.32868500717	172.79470360176	120.705701316275	137.457152330262	89.3713925304775	103.723059739906	55.1696755909885	0	110.390193779342	129.44032661233	198.390578648251	190.678500438507
Vv255	183.611952652984	186.982955654533	193.2362770693	193.659354175735	154.539225022394	148.807833530906	104.32719357612	115.979082071147	202.422923546646	199.977996222392	197.312324195092	191.785824593517	178.391429526547	178.591547839798	123.280790340269	114.3403944307	104.926356949119	193.968721504742	201.934661769059	181.474703551458	183.229824102102	181.823982909651	186.904894728159	169.423143649934	162.285635599985	129.839865956549	113.103362382519	97.8955957694939	122.461464078564	181.187015842436	196.145751617041	190.948946123427	205.138344773593	184.411113663416	183.631631509909	173.546348654962	154.254504417885	130.59641241546	116.203590755274	68.6857035546439	105.42367987188	189.924200091955	171.737890166299	201.624905587898	186.783163608584	171.298942314587	175.436979979241	152.748634943432	159.976755009122	124.448008404021	121.626014611478	86.6756657430837	161.506739764144	160.308897320825	189.023421214721	190.494636069448	156.774930742272	171.310356747832	146.017899798828	156.700235803863	97.2724425371887	110.390193779342	0	57.9013024156731	182.85266385533	175.342105761254
Vv257	184.073379405867	187.66747117933	192.377113831982	194.848586485819	168.769038477687	163.288269757707	125.458694696093	133.276894214792	201.510416547618	197.993939950326	197.431464256341	187.865392274162	182.31797630417	183.135726673885	143.259400334395	119.330942208549	116.636657603043	192.10202882112	201.926253757512	181.653315962861	182.795185717099	182.217901334866	185.374531395096	178.273411231888	167.133007329923	147.906632328302	133.129329172116	121.640432039561	121.748359606022	177.213143690798	194.265808961177	189.302081590458	201.620612558182	186.233514220385	184.002955658303	177.181254310281	162.195067974318	147.059920699158	137.615251312583	75.3137596501751	127.346543311864	183.254169408088	162.725214001167	199.906401532061	187.583214847504	179.452486201817	177.417608236442	166.059010117525	173.189273210935	140.686413078405	138.708405585184	104.024770685336	154.861796477307	154.977733971889	188.012713705854	187.490039492997	162.041112952661	179.794948675225	159.219255176405	169.730060908212	119.859558958031	129.44032661233	57.9013024156731	0	176.30721445184	169.474081233587
Vv258	187.315704426227	191.759642169547	211.713401956304	199.997195915042	193.934810509365	190.873010830783	181.027698238512	174.24568239055	123.811691280014	116.344131868435	212.265749195035	189.895762224769	206.121491376925	210.197030568067	199.560320502039	159.828662041436	170.752347211488	123.410821330397	123.060748299459	195.974715778597	197.492542514612	194.021739664039	212.988501728326	210.290625635132	187.685704014851	200.059202446096	190.590585760949	187.391697951079	173.537195324335	72.5092441704754	125.15495095464	200.652363592912	199.902721761121	206.442844751517	194.963419945704	202.432098045088	177.074440114532	200.729767957889	207.510753354024	179.770818187224	201.771752027536	71.8359270188087	75.4695498348346	194.506401400511	193.920897060401	185.410988204928	198.125889612747	200.295732186725	201.025543497769	198.060996162182	192.534367583234	196.796428993598	91.1530745986839	85.5783983389325	203.380956560334	198.650581380748	191.338592542047	185.85266822202	198.434321295194	199.671151947967	200.111748973195	198.390578648251	182.85266385533	176.30721445184	0	66.746099091583
Vv259	184.004018845583	188.425281548651	209.232008951	205.322572967189	185.826904948721	183.100395668659	170.209781081934	167.476260019385	133.59397526075	128.806982484795	214.858460140718	193.673368769482	201.393972990492	205.551794313139	190.715240005366	146.466510244866	159.875540179587	132.878104343724	133.129029732111	194.108411505219	194.369823529499	198.307371708742	209.29566834259	206.153627182176	186.962355894526	192.227160002604	181.659216806844	177.477756638028	164.324479398747	54.1117761928223	133.987408184259	197.040734031562	202.249290635841	203.525796423311	198.523553922316	198.167090757993	171.89753783319	193.012118961675	199.815787972098	173.004798390676	196.943860555128	102.110348411469	65.0478632236337	197.234962578227	189.731297930092	189.800638902589	194.435701677805	193.232536810905	194.351187099234	190.334038116475	183.638450121877	190.205757268918	61.7235576023075	56.8919314320701	206.308932916012	204.673509172951	187.258414803613	191.478132951309	190.921669991527	193.834100841159	193.071954793278	190.678500438507	175.342105761254	169.474081233587	66.746099091583	0
