sample	Pd103	Pd105	Pd106	Pd11	Pd110	Pd112	Pd115	Pd119	Pd12	Pd120	Pd122	Pd123	Pd128	Pd13	Pd130	Pd134	Pd137	Pd14	Pd142	Pd143	Pd149	Pd15	Pd150	Pd152	Pd16	Pd17	Pd19	Pd2	Pd20	Pd21	Pd22	Pd23	Pd24	Pd25	Pd26	Pd27	Pd28	Pd29	Pd3	Pd30	Pd31	Pd32	Pd33	Pd34	Pd35	Pd36	Pd37	Pd38	Pd40	Pd43	Pd45	Pd46	Pd49	Pd5	Pd51	Pd52	Pd55	Pd56	Pd57	Pd58	Pd6	Pd63	Pd66	Pd69	Pd7	Pd72	Pd75	Pd77	Pd8	Pd80	Pd84	Pd86	Pd87	Pd9	Pd93	Pd95	Pd98
Pd103	0	118.430931605273	129.908442759569	134.394951989682	152.803988824913	139.574694227779	135.409576921827	135.792953219636	144.811164165446	131.473225574432	137.624225631375	174.405089814549	133.751370443373	188.808201765565	136.763954267986	73.8453345631535	110.068794543105	138.53752609018	167.729197589199	141.464224060359	144.712154114329	143.78607127652	159.212588813206	151.120611205649	152.196990360514	163.391390878244	160.159190577399	201.840183199014	153.396704902295	135.222814778143	142.390472735173	120.68001286461	134.919291546576	180.266579384143	180.19092291727	187.786191830702	202.875664115677	168.565648414047	148.982716440494	181.683293275855	129.458229517912	147.075776007634	150.832829019967	146.652877710807	109.310696269735	134.316023259797	176.904172055275	171.62932093433	148.337026273218	137.684566065843	155.505323637368	154.284718586929	165.718780675222	142.508492236291	167.192368584166	151.402886408733	177.662797884018	146.144471615048	145.03068761369	135.533097054929	138.08546922089	137.848723776957	75.2671546131559	164.676991282513	134.430291085709	132.568609550393	172.554531185544	216.47537903043	128.659350188241	142.909265596364	190.562817055514	158.466962334555	132.328969296873	106.698778051314	116.906136716942	119.705839499223	80.3734895427018
Pd105	118.430931605273	0	52.4142152955977	109.541600900134	176.652298661542	166.021176506843	164.941072743887	162.310430202858	84.5497976942394	157.194415023036	168.052399622788	195.867799219362	180.23873438142	163.274196841687	180.682983470869	97.5845843440317	165.203790015185	152.627241435351	136.849680043088	89.7195205004603	160.336795685115	162.720094547435	159.770493297211	175.952620101026	167.000423214712	168.662746461614	179.024083399904	206.689805627867	170.079092295417	178.873810928684	172.527286560491	154.38231230361	172.995121001002	157.613601010036	147.695234791272	199.581109241251	214.065106789802	190.58925126255	164.717668544979	199.829017106455	153.984461307175	179.16454637141	173.529397724952	181.224250524783	163.784807327541	174.078881668937	145.444154474667	142.422327839051	164.624487863523	153.717028430203	178.581150426519	175.417741404909	176.678501347938	172.086889974025	189.985647354633	177.476939951238	199.110944733816	188.540938310907	189.551629820356	178.618368859346	170.860776725972	183.935374270664	136.780810231905	121.746438272351	166.319270381116	66.1675840527117	179.347224537908	226.348612366763	162.524486333244	162.464872749014	211.086436855174	179.594150924788	169.347449382418	84.8961639763378	172.121084854367	171.75777577148	145.980092557655
Pd106	129.908442759569	52.4142152955977	0	123.940189055042	178.394840975244	168.613685624286	167.024233270047	166.690846203479	58.108642349819	158.547426846855	172.750317609636	196.589780280745	184.47924499189	155.439468651409	184.485010255698	108.786668023208	170.786110259254	157.04418460447	126.469220229353	66.4520711936532	157.163460234276	168.134269448411	162.790752683965	178.756493707584	164.613352592999	166.172707634961	179.26479647895	209.330560232933	168.441800198276	186.076855597792	176.709301743527	160.763227661226	177.096042183256	150.221562155557	134.151810156943	203.94081707246	219.19878528947	195.400201146466	170.975336738386	204.280994430202	154.888917702476	183.312393650499	177.943032087632	187.340733302692	170.023059281411	179.828452955945	135.065087867083	129.271101519451	162.304905602479	150.656981183323	183.756730319223	179.443305788055	178.901142319502	177.422935690943	190.27883426333	184.086996936841	199.071701718046	193.464661590283	195.073167691062	183.374147993484	174.894191297827	188.34479351549	146.110697801845	104.281684596874	171.951805387662	63.8117215671968	184.670345366366	231.213725261855	168.965634175648	168.107977513869	214.944702854058	183.75670704275	172.624972762625	92.7765891037026	178.032581120025	179.13552805452	153.977888172374
Pd11	134.394951989682	109.541600900134	123.940189055042	0	171.43538881776	153.375820962572	155.234603643194	152.636345266907	132.093335968959	155.589273809013	151.102753786386	164.581121531603	166.437131810864	158.459156391881	168.402899231837	127.59273861965	158.371410953791	140.621066469272	133.248252535105	131.316160175684	153.88516520279	148.585857108541	151.79171772478	170.971505574737	157.178815280435	149.87413625631	152.867047078801	183.611175329811	159.691619326507	164.935996970693	159.749374711577	149.873544877647	156.825007129706	150.085002215412	153.442759678757	170.769584468654	198.084054282558	180.590750434445	142.643077844751	191.112259900036	155.714225275864	166.647178134932	143.849552976074	166.047859056203	152.853401567574	159.63066391433	139.925150755311	141.361570264342	162.903816893233	157.33585224546	150.630851520352	145.737695207223	147.885554101928	156.097956516737	161.94638058831	147.99686290152	173.172760269149	173.237012223583	171.722779012449	163.55257613502	155.092767264652	171.325144260494	142.423583676344	140.096382582411	150.055026630316	122.30078619768	173.649319757269	209.833535032944	147.651153677619	149.049928905277	205.247094881411	149.198687542053	164.635885944503	117.179782682625	158.264045397819	157.160884187414	141.634613367439
Pd110	152.803988824913	176.652298661542	178.394840975244	171.43538881776	0	85.8481810251701	87.7479482131737	87.4184725495686	181.904042504588	102.787303276583	98.3563161698093	157.067705032915	142.043563490061	198.086757926006	149.791419359897	162.453505322779	163.759519899615	94.6040983258977	187.746141704689	182.7660417302	125.855526897	99.0500714329901	124.796669441898	95.62811803028	121.899186576	146.792596919183	132.07044759568	163.507564621698	123.817583658693	131.515403221403	117.244810418091	150.211863664442	122.314936036043	195.07996367044	205.047011711462	142.05596798851	158.120006563976	105.973007047638	100.157016340205	130.804482124372	99.4588846902075	93.5539296876539	118.311266438011	128.105750548216	138.964672847945	125.095649378621	193.195856189349	189.093606323603	104.971040649377	108.445834664292	113.978168709041	124.27060408614	134.507789873713	108.847939909705	150.493569878476	128.236437041995	154.190396218523	149.863967132111	151.744347187458	137.798666442794	124.393200852134	155.863474310863	169.122564534247	195.294639903049	125.296781511765	181.385477702379	126.421349126556	176.174721283203	127.341365697134	104.364161893093	144.961244701661	122.885672631411	96.8554625711887	170.018873897924	131.726265025486	131.723892431863	139.530259628931
Pd112	139.574694227779	166.021176506843	168.613685624286	153.375820962572	85.8481810251701	0	49.0017812785875	68.0134286804768	173.905966919077	72.6890765335673	65.9355136144743	108.447875224646	108.487550743132	190.707681072676	113.751798038885	153.231759563809	131.594148187209	78.145717102662	173.840777603898	171.826218790075	99.3895595789173	84.8546969436666	113.607630887712	101.005459978759	106.134192799731	123.94874028488	110.295109763609	163.309378984824	113.347263132055	118.160132334998	100.1692716457	132.785240267555	97.2024679513637	182.8946158704	192.994312617011	140.631379380429	162.652429347003	117.475907841886	89.0620406653915	141.490220998567	80.4143991826784	91.6772859008869	92.9449873347577	109.939096881208	109.653398811548	98.5889712129768	181.960539945866	175.722786588114	94.3189799299181	82.5366126698662	84.1613552255332	88.0170320654456	107.082414147699	88.4333449398954	118.568222878667	91.9284421451697	129.014558291325	114.765379659711	115.243467793634	99.8452172790438	88.1093727881596	122.142524227347	146.731031761597	183.179403838145	89.009560423262	168.546819480842	134.04935665339	184.775587760594	99.5133736788872	88.593231255494	152.667659404664	97.685483228968	92.8645944947103	163.585181609529	105.593817599819	114.804827334863	115.758466341717
Pd115	135.409576921827	164.941072743887	167.024233270047	155.234603643194	87.7479482131737	49.0017812785875	0	71.3032048520608	173.239484567768	78.3120650256751	67.4070114303456	116.569975010853	103.983464493903	190.734501293905	109.442296127921	148.723429208565	128.883441475625	86.6533694928178	175.150937662672	171.095081512672	100.882745070754	92.0837590742174	117.387621629513	101.531424836472	107.738935566015	126.12684144572	114.697619452985	169.040795382365	113.373526477703	115.287187667213	96.9208980338683	127.802157252766	96.3035012165559	183.32265974172	192.228135141065	148.13253705589	170.149354911289	119.740566797976	95.7270201383629	142.814478809343	79.3393814766511	88.8455374023507	98.7841305868689	109.977597271822	106.017387079098	95.9964852408827	183.35627114844	177.059506741313	99.4937789677472	88.3784379905479	96.8839773735439	100.309584098815	117.543498399301	87.5315393640324	123.931117319162	100.505172471092	135.829744315224	112.874704424528	116.645107053777	98.9261486478147	88.055166024958	119.50766219819	145.002295393476	183.446641917407	88.7271924392066	168.704334234886	138.828450752785	190.216494682499	94.8075916520856	95.7393406882057	157.126885747008	105.295541533596	82.0271019014221	160.715415970049	100.90178270627	111.297045004866	112.213206577656
Pd119	135.792953219636	162.310430202858	166.690846203479	152.636345266907	87.4184725495686	68.0134286804768	71.3032048520608	0	173.214035003865	55.4068010358134	70.7748847353864	139.340019676948	119.025668750043	195.038977346965	129.556833026145	145.067532725858	143.482922690706	73.8818793492866	177.598084441502	168.93579756023	96.6998197442356	67.9424962826002	118.759458481979	84.1739255178231	97.9017617914054	119.49647618234	104.768840460147	145.637702355106	102.557767245772	101.409487562525	99.4182057480006	132.349446475759	101.067690531242	185.686807867808	198.015544772742	127.393469376	146.264110684513	99.6902978299648	74.8054507054206	126.905648025123	78.9428788625042	94.4391881462428	87.0693507399768	94.9157460116068	113.276874036648	89.0925312365944	183.744093309084	180.750797597163	92.0426221010769	84.6588062681661	81.1207052918141	90.9512149836924	110.240889163536	74.3096263794	117.286306098575	87.4797834068326	126.493087487353	120.487734812037	119.126100366086	105.187170925545	87.7894096566693	129.98647942746	147.075931949516	186.282717601601	84.8952638913339	168.939881282688	112.220660648721	160.352312555016	91.1003160831328	61.5403429999178	133.210028858435	99.3742487144975	96.4877406555047	151.444660367637	109.312366435057	106.497288822965	117.843075857523
Pd12	144.811164165446	84.5497976942394	58.108642349819	132.093335968959	181.904042504588	173.905966919077	173.239484567768	173.214035003865	0	164.388516507626	180.246628651304	201.66544003964	192.70798759958	146.744458506145	192.717251788285	125.143638866329	180.747674821396	159.305833218732	121.421552125999	49.0385766052149	153.069173912521	171.281676857994	161.779995112689	180.967977516729	158.335585337521	158.989892629165	177.391406931028	205.133481174569	163.510297566567	191.470364213704	179.574994094379	166.334394848486	180.149918490503	143.770393254067	119.8136431371	202.255636525789	218.633554345075	196.111518787904	173.482592429276	202.843438493561	157.541741455545	185.257835451307	180.512403445413	190.73114143124	179.148798719378	186.808670418241	126.73423706972	119.191036219752	158.985230367674	150.944960923942	187.676983711041	182.095460490087	177.514445086739	182.421584796752	189.134704606753	189.487524611128	194.875981627722	201.091069220271	202.432745195758	191.463156748761	182.111751368871	196.331245361935	156.840345252668	84.5316042204787	178.50231463172	80.1063461663128	186.231052565656	232.134980449981	174.819482333931	175.229214293701	218.106512623285	186.788598434303	179.009528423269	102.981881644542	188.246437247574	189.19770834408	166.7440121949
Pd120	131.473225574432	157.194415023036	158.547426846855	155.589273809013	102.787303276583	72.6890765335673	78.3120650256751	55.4068010358134	164.388516507626	0	79.0507831011916	140.458289875745	116.168187558761	195.669940935504	125.294313479872	139.060400061152	137.434890099692	85.8305579128766	175.82005338877	159.911780416539	83.4516176488786	84.826852181538	122.745159754909	90.2805843358168	92.7520701473301	116.645292196202	104.170245672897	151.060404680028	97.8688257269256	106.194064851788	103.10910658899	131.507532438704	101.94584672822	184.573565537053	195.225214025676	137.745079561214	152.754352714354	113.494344507588	91.4926197772766	135.484689109472	71.2325808196214	101.922409472025	95.1095482612807	97.1376803375744	109.628467584853	87.3527573440432	183.195169290753	178.421327122256	84.8556486807843	70.5589376294477	90.3703715127018	96.3978201178102	112.746897988514	82.2382354124943	113.35610797327	95.0352804782724	122.730980757067	118.693508108538	113.944295053419	101.088805066659	85.3655243394476	124.559362999718	140.675558290871	180.454442675073	82.3397939768604	162.466096941586	122.152734534659	167.581481473091	90.6672794685095	71.3794669667823	132.846660524433	100.319336331477	100.477197605943	143.89752514412	107.422556626161	106.75894879594	113.935436364492
Pd122	137.624225631375	168.052399622788	172.750317609636	151.102753786386	98.3563161698093	65.9355136144743	67.4070114303456	70.7748847353864	180.246628651304	79.0507831011916	0	123.231387323098	100.997229619526	196.129314816129	111.744575490477	152.300252989962	131.336580933222	89.8998338813112	176.535579112563	175.401027737219	110.236942776794	90.8287098344155	131.133111288933	107.643350097392	112.937015471971	129.737960474665	110.268167802805	169.76536753017	118.647515995921	100.041410884201	92.3547766014867	128.154572559738	89.2241286525493	186.556081103654	198.084044137776	145.850204630161	167.057423478097	122.981039004048	90.3307157422383	150.422985010716	95.5169964832378	89.1671413853902	93.1567329936876	96.0434987547309	100.790046568221	80.7168544659591	185.349424656073	180.153212694778	115.939420756383	106.663884955472	92.0601100494575	100.515301529994	122.082686232672	70.3437735870714	118.13964819201	81.9532244331222	133.273682801918	107.782201732083	106.133818794732	90.72321019561	79.9060999534257	118.123296403996	147.77571129703	188.632764820885	78.3024548447859	173.061104292387	142.427356374872	187.227514172504	87.3666339309835	89.0455415186607	156.495268740349	97.3109092505619	85.6524861767475	164.625917113756	94.54099878201	95.1860601456065	109.116273662353
Pd123	174.405089814549	195.867799219362	196.589780280745	164.581121531603	157.067705032915	108.447875224646	116.569975010853	139.340019676948	201.66544003964	140.458289875745	123.231387323098	0	125.970236292062	202.395554014729	124.54542387087	189.579042406149	138.278100956164	141.702452777875	181.112729831248	195.555400391113	136.727698676292	148.898522500302	162.874886257369	169.144550240776	146.490344145943	146.185050879795	134.15798147496	205.100993279815	157.048088315018	170.0033965528	155.977970459977	168.167996544576	139.831686994454	193.623194091832	198.104531284623	176.22833527479	214.967299900798	186.691394741227	145.840819409776	204.187701156488	145.114735024218	154.386288242359	124.36490926576	165.452526347839	140.719814235335	146.194281146587	191.264896497368	182.662004141339	150.918974998798	136.436175483701	121.39663329057	112.077592148003	129.200995600704	145.711906466291	132.49752140905	121.086514518639	149.100389357357	135.631424132313	139.991540764341	126.128509754656	127.484706141177	138.739238695141	168.81648999182	195.629096903166	132.883778551888	195.951484781631	200.013393994624	232.675363305172	145.30570364292	152.107388660521	214.218485935445	127.832803767252	150.532666430964	203.56002011665	141.222514426694	157.027053697695	147.058600277148
Pd128	133.751370443373	180.23873438142	184.47924499189	166.437131810864	142.043563490061	108.487550743132	103.983464493903	119.025668750043	192.70798759958	116.168187558761	100.997229619526	125.970236292062	0	204.301887105813	52.1973238724251	156.046322514506	82.1622624035258	132.404237494821	188.821870695497	186.886367188808	135.518149572649	135.527902990414	157.217650890024	138.776122323208	145.896751575754	158.859749311095	143.21550473288	197.797679186672	147.319821857024	110.256757956585	121.537466168202	120.584461185828	102.073644060763	196.975824308733	205.711558594771	176.563786877485	195.456600577079	158.246418729688	136.984202182898	175.780788494375	124.450852551187	118.012491434259	126.319351505505	118.147165471506	79.0065923555514	94.0679180723783	197.940385704821	191.607127165076	144.191854315536	135.217153240094	129.747814210438	131.587479252569	149.523294931329	111.717789806481	141.534982683506	118.499156399506	151.739041145957	78.534560169377	82.0013667079128	69.9714844448639	95.7079642560133	70.0338048926281	126.752054032438	198.764329101809	93.7567330896765	185.379347767688	176.658003575268	217.4071565905	95.8299720544346	133.306739775186	179.752260951786	130.029882560325	106.549456000178	175.355348421669	75.7272815771337	91.8336886065723	94.8971997552302
Pd13	188.808201765565	163.274196841687	155.439468651409	158.459156391881	198.086757926006	190.707681072676	190.734501293905	195.038977346965	146.744458506145	195.669940935504	196.129314816129	202.395554014729	204.301887105813	0	206.059080831478	183.956231787633	202.588446096792	173.221664403927	96.048840716997	154.61515852739	182.69669053366	187.830077466541	168.921162558335	196.565597318569	184.981833556096	172.756876513732	185.215420100943	200.962452095614	176.181588019746	208.764422700726	197.272778900613	161.326843156418	193.524851486673	76.936180572456	108.995711232773	192.89885487623	218.895395615555	203.469571158575	182.382895871653	205.588832376838	184.787526000358	191.849182912639	178.233827890886	204.268352893273	200.662659087572	203.854891803469	94.2953052807422	105.740767269548	190.98496144316	189.680186725175	195.76373991959	188.789598588195	172.932876611758	198.660096047114	199.082012416811	197.907384050581	199.307553476406	208.556804228893	216.703132987215	208.484012114488	199.961718370839	211.692175101595	194.311576841998	136.721726039039	194.600383018043	163.565387998771	199.285774618039	234.943375394672	190.900582371596	191.982517406	230.053700131371	180.890448738649	195.85943600469	173.54287660322	204.927117987664	206.086861012668	195.130754684713
Pd130	136.763954267986	180.682983470869	184.485010255698	168.402899231837	149.791419359897	113.751798038885	109.442296127921	129.556833026145	192.717251788285	125.294313479872	111.744575490477	124.54542387087	52.1973238724251	206.059080831478	0	158.629555272579	81.3302127111837	139.359991191916	190.552054798532	187.70719293563	140.00812370227	144.571840224533	159.814061017523	148.477463949892	152.711694811555	163.978725043831	151.402209658554	207.691463719033	155.549909164786	123.96543383587	130.157526355963	125.120814480823	111.558034513906	199.266415836982	205.62516699267	187.339963530655	205.554002404643	169.763977893778	146.37550388721	185.689283833712	130.078573200862	127.06969381687	136.02371855833	132.151873006317	87.088459743794	107.51678868688	200.897728937421	192.882244368911	149.730471482804	139.232529621095	139.090562341938	138.999886188959	156.699637523624	124.298106426667	149.69802767844	129.622063866818	160.636043433349	86.8285685284472	93.7237481780154	79.0545670580564	101.745673088914	72.052135434058	128.604297817448	198.750671521719	103.22341919483	184.365338705524	187.389884435465	229.581806340308	106.510198450395	144.363417279803	190.871721176667	140.031492592039	115.708009056288	178.348325515928	84.9738233208661	106.38512013204	100.125810476436
Pd134	73.8453345631535	97.5845843440317	108.786668023208	127.59273861965	162.453505322779	153.231759563809	148.723429208565	145.067532725858	125.143638866329	139.060400061152	152.300252989962	189.579042406149	156.046322514506	183.956231787633	158.629555272579	0	135.202546389615	147.074061737797	160.196363889549	121.965660891695	150.490191305597	151.483906532889	163.378950094587	159.157317143033	157.633342803013	167.161597797957	169.731964569638	203.972544358898	158.121809204419	152.055480628178	152.356504391097	133.943541524726	151.795783376634	175.688051498072	171.924844483338	194.31076628943	207.256106695294	175.873829224151	157.324876945917	186.404895267146	138.162552437302	161.42154393471	163.851869792296	158.634554468223	133.438460223719	150.474336879786	169.586061603016	164.93075912045	153.240464991443	142.840765130866	168.227057161675	165.998679940529	175.341059988051	154.034902794682	177.274594857927	164.835253574116	187.835158470397	165.991158284587	165.553664662646	156.373188744586	152.545189941996	160.146647289297	100.577909350522	152.579011526862	149.309995061953	111.609248321457	173.268167710262	217.804721211912	142.984196516134	152.001114074047	196.486111167416	172.514861224693	146.766020147911	71.1277823191474	142.573025894563	142.987747453695	112.173400863448
Pd137	110.068794543105	165.203790015185	170.786110259254	158.371410953791	163.759519899615	131.594148187209	128.883441475625	143.482922690706	180.747674821396	137.434890099692	131.336580933222	138.278100956164	82.1622624035258	202.588446096792	81.3302127111837	135.202546389615	0	150.35267229778	183.483542099683	174.342814381911	148.888470033188	154.790246737883	169.027343699503	159.430447105802	159.858143284928	168.398285335069	159.107344134291	210.927194282747	161.729823263045	134.739447212353	142.154367096291	122.343743766072	124.634922425157	194.193276858027	196.864840227856	193.385342314683	210.935481343091	180.562973995532	157.184920470387	193.077278214639	140.345958991847	145.677622032063	149.874841116154	146.737920061922	90.4493780803846	125.0328234113	192.853548646604	185.182445421175	156.452914052603	146.691225500944	149.854889154709	148.079692862953	162.716810026466	141.97890773466	156.682021746412	140.860688485305	165.693929987206	105.699759308208	106.14818694756	100.407953920349	123.876178091823	87.9158046149912	94.553689394455	187.832824265927	123.607934854324	171.335436539885	192.479262042526	231.850710997401	124.170112614007	153.931865566493	197.592660837167	153.437514291168	132.832273971929	160.690076453129	98.3264512761634	111.860503642803	79.8148649413756
Pd14	138.53752609018	152.627241435351	157.04418460447	140.621066469272	94.6040983258977	78.145717102662	86.6533694928178	73.8818793492866	159.305833218732	85.8305579128766	89.8998338813112	141.702452777875	132.404237494821	173.221664403927	139.359991191916	147.074061737797	150.35267229778	0	161.482157825501	161.041648260449	102.555556426246	57.7561192914239	88.1811940468613	90.0403993823758	95.9293678614663	108.657516521198	105.669501312012	134.477599715054	104.588377224366	113.28687823257	99.9709000238484	126.787163988965	102.196599704142	168.504585932204	183.013630220956	115.800960333477	136.915894754731	97.5451920985728	67.9031241125504	119.514853371428	79.5844712979632	91.2223760852162	84.0060290432457	103.560865405025	124.588899005804	107.425469540593	165.301836316647	163.7171302536	91.9518762825586	89.5491945832712	88.1631438541038	90.741501957272	95.0482123183711	92.7328389250273	123.451802353402	93.9836328859386	127.260525359833	133.876210773099	132.734788824345	120.235473912535	104.125711735393	140.233268903775	149.34948071195	171.407269618745	98.5850327804075	156.82876487615	104.332396583407	162.434250200341	103.06356782086	73.6425312279386	138.61986252724	94.9501294559647	107.190685094992	146.539239566465	121.830080645672	122.860478604734	127.001606801814
Pd142	167.729197589199	136.849680043088	126.469220229353	133.248252535105	187.746141704689	173.840777603898	175.150937662672	177.598084441502	121.421552125999	175.82005338877	176.535579112563	181.112729831248	188.821870695497	96.048840716997	190.552054798532	160.196363889549	183.483542099683	161.482157825501	0	120.949241118702	164.018355877299	173.738250136352	164.940906047136	188.558283600754	168.023794130751	153.917623704208	166.779796480542	196.584815017267	174.364832845358	194.53792276308	183.347732757343	175.993016855879	178.740486783059	96.4137868940391	118.220960932819	187.236676471671	215.810295944924	198.802762127566	170.421153638009	206.710887683908	171.777208250003	186.699135456599	166.116039464111	192.199410084645	182.106728513527	186.745519085908	57.9422576643458	71.3215801660409	175.187244897973	170.063003789792	178.680597741938	170.988035899535	160.154783702518	182.352794534467	178.61520930302	179.015712207381	184.767794828523	199.408411625528	199.178265338856	189.8721213351	181.126152077011	196.102710401671	173.837578872581	105.872809431301	177.222104774133	136.595757844967	193.248695671779	227.19361032721	175.233296655671	176.013803360574	223.26067257384	168.652478325066	184.575437053388	153.161277288694	188.257735073742	189.289480625689	174.242375384246
Pd143	141.464224060359	89.7195205004603	66.4520711936532	131.316160175684	182.7660417302	171.826218790075	171.095081512672	168.93579756023	49.0385766052149	159.911780416539	175.401027737219	195.555400391113	186.886367188808	154.61515852739	187.70719293563	121.965660891695	174.342814381911	161.041648260449	120.949241118702	0	147.289882364091	170.114859876828	169.362447599544	180.764833725253	153.148822425197	154.085612038228	171.836919424243	205.928034790854	158.71125036424	187.330021045547	178.852433866519	166.583054954549	177.737927815902	145.285723956095	117.257163059945	201.902727767992	220.021827936073	196.992596788585	173.782615447671	205.140737815592	159.661600418487	186.45087450448	178.75654591189	188.496066865655	173.1189413258	182.312512221192	129.00352300556	118.592748357736	157.527324754422	148.587498367206	184.408027765283	179.107430511451	176.645001303805	179.054384083957	181.35853674491	183.751807233583	189.127509984227	195.55361153395	196.264611333984	185.782884213667	177.909660540268	191.254523700669	151.879040330798	81.3609496438588	175.146828483612	91.2571122568104	187.87344675614	229.852296855559	171.492079921942	171.827861884793	217.314772728374	184.369293723905	177.7194461973	106.938100341289	182.447957518199	181.663561295861	159.700400125127
Pd149	144.712154114329	160.336795685115	157.163460234276	153.88516520279	125.855526897	99.3895595789173	100.882745070754	96.6998197442356	153.069173912521	83.4516176488786	110.236942776794	136.727698676292	135.518149572649	182.69669053366	140.00812370227	150.490191305597	148.888470033188	102.555556426246	164.018355877299	147.289882364091	0	108.224202263837	129.889524160948	118.351182783817	61.1018720491116	79.574703929636	87.8164662566546	152.964212242347	75.5294178739841	134.006810557546	122.19295301567	142.849821418414	118.121473695892	170.768517362026	168.878039397455	146.95798735245	173.443438232881	139.286555023454	114.195453634005	153.415537729315	91.3160838547194	123.325887238649	107.982147537706	124.683891020701	128.831931651146	117.246329990293	169.046738963666	158.192722576915	81.147678621383	76.6230403918115	113.067540289001	107.121028532438	107.698348590927	110.855872372196	100.042887222762	116.037986288777	109.219035231419	138.018659292414	138.638697584452	124.730337934361	106.341046179588	142.380967715826	151.226550647857	154.474077075646	106.658105489378	162.583022168466	146.251142653324	183.993804480534	112.413177126649	107.396789397839	164.566495466429	111.050132510222	123.754278068561	150.833017195344	130.981105224359	135.173423706415	131.795509217082
Pd15	143.78607127652	162.720094547435	168.134269448411	148.585857108541	99.0500714329901	84.8546969436666	92.0837590742174	67.9424962826002	171.281676857994	84.826852181538	90.8287098344155	148.898522500302	135.527902990414	187.830077466541	144.571840224533	151.483906532889	154.790246737883	57.7561192914239	173.738250136352	170.114859876828	108.224202263837	0	110.996041878786	83.3860459208785	98.4018733103913	114.375719338142	103.775871817513	132.36625260831	101.939005769153	101.792638835578	95.4088853252708	131.459785363011	94.5442841950252	180.025431985415	193.639137894363	110.59113854892	131.574488205911	89.2970535588865	69.6519545137429	116.244614959447	89.3428324306012	93.9718075852926	88.0102963650416	92.5486341375207	124.700646866688	102.396568859322	176.415359742236	176.177536341179	92.4397725933152	96.2946461976912	80.517630605355	84.5537034679337	104.641332144747	86.5424846398551	113.265590548776	87.4020687726409	118.363235266926	126.69323307122	127.879243789596	119.0480945273	102.520795303827	140.351107321499	152.553177749922	182.212156785314	98.6248969981812	162.61330517024	100.837815091035	149.04062048048	103.6617213986	69.2586611632253	128.210429294145	101.749511997217	110.199744271613	152.300862731332	119.556877325333	119.120402836368	129.949643372629
Pd150	159.212588813206	159.770493297211	162.790752683965	151.79171772478	124.796669441898	113.607630887712	117.387621629513	118.759458481979	161.779995112689	122.745159754909	131.133111288933	162.874886257369	157.217650890024	168.921162558335	159.814061017523	163.378950094587	169.027343699503	88.1811940468613	164.940906047136	169.362447599544	129.889524160948	110.996041878786	0	128.079224166018	130.392949521198	129.45850732083	141.048793570698	139.889781246581	138.100906040154	153.794550733762	134.083399794853	143.843700803339	139.865987770559	171.615361985167	184.669004991742	137.198115799134	147.202370065174	127.643425194317	97.8075098056787	131.76047790113	110.723734576135	121.512959018068	118.93348338118	142.569919877457	157.170600762033	145.7343601818	167.861702453061	169.595322067789	120.75024759173	119.354382915943	126.223590065759	125.537375523214	112.745266522162	134.448220650674	157.787516608706	135.425334881499	157.92481437916	163.582154088474	166.245344348406	153.858555954113	138.04158235902	165.269773609024	168.673388666715	173.725159388594	131.030591930321	164.468798281851	119.577523560636	182.928492112637	129.520027079523	114.31937612177	160.149438461191	118.051031907373	139.212909811372	155.735621268557	154.006144877542	159.89300046017	155.83656882247
Pd152	151.120611205649	175.952620101026	178.756493707584	170.971505574737	95.62811803028	101.005459978759	101.531424836472	84.1739255178231	180.967977516729	90.2805843358168	107.643350097392	169.144550240776	138.776122323208	196.565597318569	148.477463949892	159.157317143033	159.430447105802	90.0403993823758	188.558283600754	180.764833725253	118.351182783817	83.3860459208785	128.079224166018	0	109.883907788412	133.189509300384	120.94200811736	130.350644240667	107.850933308679	108.491815201272	104.71969557027	141.255105617146	113.259048255417	191.944215236638	207.623098573337	105.63047420007	116.390524618485	66.490725278191	90.6504244044377	94.112421048661	91.5541797100879	78.6086934992259	102.379044315399	95.1970932638198	132.954822124674	108.054273362566	189.46366147184	189.847653905919	102.097842241118	108.121868767414	105.96987293282	115.199339359584	125.106849044295	95.6560524810051	135.121849335576	114.395002917763	131.069390898507	135.479752975669	133.854384117791	127.33844154386	116.00822518773	144.291483465498	157.178175361098	196.020241786821	111.256954708675	180.365638434235	100.411075311174	140.827002705057	112.67260191049	85.5023016786892	101.825495651828	114.403583745713	105.611067306221	159.019438976879	127.64098616438	122.329719233609	138.428542358715
Pd16	152.196990360514	167.000423214712	164.613352592999	157.178815280435	121.899186576	106.134192799731	107.738935566015	97.9017617914054	158.335585337521	92.7520701473301	112.937015471971	146.490344145943	145.896751575754	184.981833556096	152.711694811555	157.633342803013	159.858143284928	95.9293678614663	168.023794130751	153.148822425197	61.1018720491116	98.4018733103913	130.392949521198	109.883907788412	0	63.3531656270527	76.9553945743412	141.797618711225	66.3660212157325	127.95696285144	116.057356741273	147.563568111188	115.524607482482	174.834899023959	171.835966972885	132.471914837695	162.536251452537	126.279179746393	108.415670103288	144.85843777015	95.8398790100302	118.608939923846	103.550118731494	120.539305184793	136.971932729914	123.239784697226	167.915616302041	158.916347378008	81.2836729371165	86.0807431889471	110.496870543065	105.631050580095	102.049627928045	113.542259308497	94.2566076325929	115.116634652891	98.950666942666	146.356517942859	144.122701660713	135.158718204916	121.399779644555	152.805609969341	158.637908959554	157.735456342904	120.083489911444	168.149549617876	136.900574842257	171.344387457922	122.420808036656	104.847361620095	156.675941060299	110.057862525786	124.900676904375	154.877191289106	137.935583443522	138.332237377657	140.213393073995
Pd17	163.391390878244	168.662746461614	166.172707634961	149.87413625631	146.792596919183	123.94874028488	126.12684144572	119.49647618234	158.989892629165	116.645292196202	129.737960474665	146.185050879795	158.859749311095	172.756876513732	163.978725043831	167.161597797957	168.398285335069	108.657516521198	153.917623704208	154.085612038228	79.574703929636	114.375719338142	129.45850732083	133.189509300384	63.3531656270527	0	71.2858415704574	132.929343162543	88.9058889408987	146.228494641642	130.581106839454	155.970947947433	132.167550924533	164.744561963855	158.577167360002	129.328304505109	166.929197237566	143.858996122103	117.324224810808	157.006928795172	117.629448157793	137.949236207928	107.840001579874	136.65031762298	152.298658501896	139.271211851984	151.527320688378	143.046882027425	106.59045409671	110.015464626438	121.351247727747	110.418068474073	91.0424408392945	129.067388194288	91.4829017252667	123.905952222333	95.942112389456	158.602081630418	157.493659535038	148.601136012621	133.65503856337	164.269513905056	166.020895252389	146.091530570817	129.902004065006	169.894188419088	145.980061505355	174.964855291804	131.925653790264	119.057931341767	172.862685437679	112.280832212094	148.105088410923	160.641749566648	154.891064372223	154.718769234335	153.92855694352
Pd19	160.159190577399	179.024083399904	179.26479647895	152.867047078801	132.07044759568	110.295109763609	114.697619452985	104.768840460147	177.391406931028	104.170245672897	110.268167802805	134.15798147496	143.21550473288	185.215420100943	151.402209658554	169.731964569638	159.107344134291	105.669501312012	166.779796480542	171.836919424243	87.8164662566546	103.775871817513	141.048793570698	120.94200811736	76.9553945743412	71.2858415704574	0	134.291246816076	84.0284365796229	123.642795378377	117.817608904904	150.963099871308	109.651586667709	176.088847782041	177.589000979213	121.207909097008	162.279285176432	134.252555927778	110.349296085568	151.334875020204	108.334096523871	122.66978612959	88.7384516167733	116.179055604566	133.179599369249	115.637162363948	165.507249666329	157.958969534082	103.101830614098	111.475076134845	100.131300842999	89.2840087558607	86.0381297562709	112.409723158892	66.9321302422372	104.163565677736	74.6115781784769	139.610610240577	136.859859266883	128.785793773952	114.764822806933	148.232214273975	163.044442593286	168.488710767016	113.647312644202	179.782432931362	144.589136349783	163.561654756165	120.99628491147	106.306567598667	158.804778996906	92.7331732468748	132.040198243382	170.865124555209	135.251318100376	133.470772698897	140.771620718653
Pd2	201.840183199014	206.689805627867	209.330560232933	183.611175329811	163.507564621698	163.309378984824	169.040795382365	145.637702355106	205.133481174569	151.060404680028	169.76536753017	205.100993279815	197.797679186672	200.962452095614	207.691463719033	203.972544358898	210.927194282747	134.477599715054	196.584815017267	205.928034790854	152.964212242347	132.36625260831	139.889781246581	130.350644240667	141.797618711225	132.929343162543	134.291246816076	0	138.614701069054	162.016573183302	156.810620103641	186.839535564887	172.287855461108	198.738019823764	218.336080638629	81.3538881468101	98.8943981635776	113.3925017365	116.198479786379	118.112865695579	156.467176193655	151.376195518258	132.133494245163	148.067198455297	194.599022719669	167.889905110717	188.520884750409	197.146241296315	143.389890830641	161.667430785157	138.541875148849	140.620308277393	115.24387877154	146.884876065407	150.754871882002	150.413635031345	136.592741067213	191.300683476023	184.034082324123	185.311916408201	169.074609161008	200.998637044075	200.000570602344	207.991516199175	159.0462837143	213.600102992562	98.6808770048475	104.277619070658	157.31465621777	123.870816027873	126.205071987986	131.417695511068	177.013756035138	186.638814131227	190.915566775029	179.320002668845	195.346252177055
Pd20	153.396704902295	170.079092295417	168.441800198276	159.691619326507	123.817583658693	113.347263132055	113.373526477703	102.557767245772	163.510297566567	97.8688257269256	118.647515995921	157.048088315018	147.319821857024	176.181588019746	155.549909164786	158.121809204419	161.729823263045	104.588377224366	174.364832845358	158.71125036424	75.5294178739841	101.939005769153	138.100906040154	107.850933308679	66.3660212157325	88.9058889408987	84.0284365796229	138.614701069054	0	124.893770151723	117.131047889254	128.919348684119	118.070467113189	165.577077854011	166.153958602845	131.567240627008	157.959571991539	123.881145557634	112.468814359234	137.149711397709	99.5762689832715	119.957897428438	109.540466355964	117.930170185073	136.819105587478	121.603486980864	173.737429378814	166.734725775837	87.8370643382228	98.3517247242437	114.633770330466	111.339842207165	113.297467634538	113.714684168057	102.187952579181	119.951574669021	102.755640633385	140.682244972213	144.484013916536	136.472899121279	120.394077635677	152.654089424212	158.795226414593	165.418079447571	119.509318024119	172.268394611088	130.963212929577	161.841235106486	121.905477976727	103.702605978757	148.539394811466	114.946292855449	124.454584846803	155.208379904545	136.837810331958	132.632463775917	140.244480380902
Pd21	135.222814778143	178.873810928684	186.076855597792	164.935996970693	131.515403221403	118.160132334998	115.287187667213	101.409487562525	191.470364213704	106.194064851788	100.041410884201	170.0033965528	110.256757956585	208.764422700726	123.96543383587	152.055480628178	134.739447212353	113.28687823257	194.53792276308	187.330021045547	134.006810557546	101.792638835578	153.794550733762	108.491815201272	127.95696285144	146.228494641642	123.642795378377	162.016573183302	124.893770151723	0	86.1400586405289	116.771107492734	78.8760576763097	200.656915656253	214.282148013075	142.603509072013	155.549274770154	116.822914641919	111.241218814639	138.586116517287	110.756957847377	101.09316434953	112.310229712907	70.0755706548061	89.6950969098599	77.095037858895	196.657784096031	196.123589950216	132.488630985927	135.386834638127	116.432797696654	122.646889955868	142.278888192963	85.3162668816388	132.61010801211	105.010107669669	134.7428663212	106.563084948855	99.8725384851452	97.8478033734525	99.8214489006131	115.141068401723	141.443328494847	203.167545652731	89.3245089803336	183.330598674368	136.277222558486	168.975428788813	83.4618968783696	104.694947112408	140.337199586282	120.792835505865	103.076849233344	162.479836318965	90.5578542519877	83.7074409087999	107.573601616702
Pd22	142.390472735173	172.527286560491	176.709301743527	159.749374711577	117.244810418091	100.1692716457	96.9208980338683	99.4182057480006	179.574994094379	103.10910658899	92.3547766014867	155.977970459977	121.537466168202	197.272778900613	130.157526355963	152.356504391097	142.154367096291	99.9709000238484	183.347732757343	178.852433866519	122.19295301567	95.4088853252708	134.083399794853	104.71969557027	116.057356741273	130.581106839454	117.817608904904	156.810620103641	117.131047889254	86.1400586405289	0	123.653903428159	81.6013663911583	189.409623531207	201.549099287468	138.660436665298	150.642306317053	111.842152362429	102.386709424138	132.245643822403	97.6734847590482	88.1403538459662	111.895853307517	81.5286774033992	108.805168653294	92.7398031672979	185.242277781087	183.649006078346	119.617530343844	121.724770025512	110.548168128502	112.399195302023	130.11945730361	83.1747601383393	127.345668074352	103.407228516919	129.265948084775	117.340802630708	115.008869504978	107.750078513221	97.3361433742682	127.414199690602	147.601396534865	190.434761695078	92.9246404721448	172.757503189926	133.768201579767	172.643506947951	92.6359163089248	106.160866321139	142.738539664195	114.364450057809	90.7503742064243	159.319634646274	111.173685852604	109.526854259309	121.552199693939
Pd23	120.68001286461	154.38231230361	160.763227661226	149.873544877647	150.211863664442	132.785240267555	127.802157252766	132.349446475759	166.334394848486	131.507532438704	128.154572559738	168.167996544576	120.584461185828	161.326843156418	125.120814480823	133.943541524726	122.343743766072	126.787163988965	175.993016855879	166.583054954549	142.849821418414	131.459785363011	143.843700803339	141.255105617146	147.563568111188	155.970947947433	150.963099871308	186.839535564887	128.919348684119	116.771107492734	123.653903428159	0	112.33836965316	157.056888706156	167.366861434713	171.495859777899	185.510206921793	153.974257974845	135.239831919253	163.2538916939	126.225486439541	127.290096619613	138.348422264125	126.788910592378	105.75309364666	122.845069042094	180.906140899225	177.41530107924	147.815176822178	143.038295441814	146.265224406437	144.846885089508	155.441060777187	128.961843276771	158.076348468484	138.874404897799	163.867942258241	118.606982412515	133.899569971731	125.3093465542	129.466755454619	127.883700582643	128.478441135837	179.175728281964	121.426792000972	157.535104236204	161.902383808645	209.124842193048	113.149811800735	137.466779900651	182.111127614962	144.629727768095	123.084331919841	145.905453570223	110.642366657481	113.947754100242	105.482817254115
Pd24	134.919291546576	172.995121001002	177.096042183256	156.825007129706	122.314936036043	97.2024679513637	96.3035012165559	101.067690531242	180.149918490503	101.94584672822	89.2241286525493	139.831686994454	102.073644060763	193.524851486673	111.558034513906	151.795783376634	124.634922425157	102.196599704142	178.740486783059	177.737927815902	118.121473695892	94.5442841950252	139.865987770559	113.259048255417	115.524607482482	132.167550924533	109.651586667709	172.287855461108	118.070467113189	78.8760576763097	81.6013663911583	112.33836965316	0	185.96550665953	193.132049916985	147.999914403142	168.275222678172	128.511977883934	111.253712132712	147.126232642381	98.8398420495181	90.3676579752036	107.456044724205	84.4301767370721	89.0612279389935	82.3307654674042	182.381187834639	176.923475831179	117.848645660429	119.489614073009	107.079019688591	105.276316407032	130.881226679356	92.5059103974902	114.319772985069	98.0854530458296	119.986314517331	97.4723217304943	102.296723146953	90.8204898873961	92.9641665522507	108.417929383034	139.095794711561	184.966848088065	88.8618314833841	168.992488794785	152.066063136414	191.094401655628	93.7375410647718	111.754520066059	157.669331377573	112.668438504262	97.8651365912878	165.863599031748	88.1539625016894	99.1423750076164	106.31050865658
Pd25	180.266579384143	157.613601010036	150.221562155557	150.085002215412	195.07996367044	182.8946158704	183.32265974172	185.686807867808	143.770393254067	184.573565537053	186.556081103654	193.623194091832	196.975824308733	76.936180572456	199.266415836982	175.688051498072	194.193276858027	168.504585932204	96.4137868940391	145.285723956095	170.768517362026	180.025431985415	171.615361985167	191.944215236638	174.834899023959	164.744561963855	176.088847782041	198.738019823764	165.577077854011	200.656915656253	189.409623531207	157.056888706156	185.96550665953	0	115.648588003479	192.437555952994	216.723855111505	200.8934522939	177.595872848257	205.143472574179	178.755213217103	190.288701463224	174.066524911246	197.250820609881	191.11846168117	194.565898170901	105.075769427504	117.778195200999	181.309724340752	178.247361653143	186.56860484202	180.409497247246	169.491346344971	189.47983508192	188.225463776338	187.167470318104	191.902510789105	199.004965585235	205.683036192602	198.684942760811	190.270715847776	203.718963678354	184.828755697335	137.802676471012	185.619563649898	157.563835181768	196.241594908036	230.954634561528	183.216463134535	183.635197407141	225.260013221751	177.463106816046	190.644144030214	167.049023821361	196.419056270582	196.384503371745	185.321302597161
Pd26	180.19092291727	147.695234791272	134.151810156943	153.442759678757	205.047011711462	192.994312617011	192.228135141065	198.015544772742	119.8136431371	195.225214025676	198.084044137776	198.104531284623	205.711558594771	108.995711232773	205.62516699267	171.924844483338	196.864840227856	183.013630220956	118.220960932819	117.257163059945	168.878039397455	193.639137894363	184.669004991742	207.623098573337	171.835966972885	158.577167360002	177.589000979213	218.336080638629	166.153958602845	214.282148013075	201.549099287468	167.366861434713	193.132049916985	115.648588003479	0	212.329646986366	240.383753367855	220.498047109343	195.467786113979	224.360262856252	188.181316394326	203.955294934193	192.031503609669	212.476500377347	198.199156284691	207.988736999355	112.711783568507	96.1513840220333	183.693946648119	182.080773858802	202.507874714474	191.95919874999	182.805190720296	205.332494144817	185.450862955361	202.552461784094	190.974285949752	209.675526635721	219.442754916622	208.799268336925	201.765216700439	211.774195924121	185.079800033845	79.4507401842073	200.031769645347	141.062556086785	215.756077589645	250.634051481179	197.868484698809	200.268238738931	246.500923396641	194.792238932646	201.521612634753	163.782165424899	204.639868480571	207.284348192782	189.119103074975
Pd27	187.786191830702	199.581109241251	203.94081707246	170.769584468654	142.05596798851	140.631379380429	148.13253705589	127.393469376	202.255636525789	137.745079561214	145.850204630161	176.22833527479	176.563786877485	192.89885487623	187.339963530655	194.31076628943	193.385342314683	115.800960333477	187.236676471671	201.902727767992	146.95798735245	110.59113854892	137.198115799134	105.63047420007	132.471914837695	129.328304505109	121.207909097008	81.3538881468101	131.567240627008	142.603509072013	138.660436665298	171.495859777899	147.999914403142	192.437555952994	212.329646986366	0	88.9076424831641	89.8573468236634	99.4475556037944	106.360361218102	139.879087953619	125.460682662344	104.498861924681	126.138941653234	172.190886383014	145.730193133031	181.008455727009	188.211394302402	138.138162834739	151.441981844452	113.403498601408	115.238985495544	104.69331733639	129.172596292093	139.119048214993	125.955126800638	126.853847672122	170.994884593894	165.767459897328	164.802415100464	151.871939687778	181.486444675372	187.688392402043	204.531775348926	142.870964357144	205.057723518325	99.6193320395036	107.894217621111	144.256250855327	109.2562108131	121.086368934059	110.2163451047	157.745288386968	185.293020543375	169.328680025833	159.998863456897	177.089759135127
Pd28	202.875664115677	214.065106789802	219.19878528947	198.084054282558	158.120006563976	162.652429347003	170.149354911289	146.264110684513	218.633554345075	152.754352714354	167.057423478097	214.967299900798	195.456600577079	218.895395615555	205.554002404643	207.256106695294	210.935481343091	136.915894754731	215.810295944924	220.021827936073	173.443438232881	131.574488205911	147.202370065174	116.390524618485	162.536251452537	166.929197237566	162.279285176432	98.8943981635776	157.959571991539	155.549274770154	150.642306317053	185.510206921793	168.275222678172	216.723855111505	240.383753367855	88.9076424831641	0	95.0028701225934	118.104169967043	97.7843113263635	156.021740318357	141.439959913534	144.628942262038	137.813244288306	190.242043993505	160.782606241006	210.836487323196	219.025172907835	156.39471948447	171.071345030685	139.540726175994	149.899600889385	147.261975317545	146.00002145224	175.101750695063	148.340412235282	159.299255894716	187.063851040797	179.367167736863	182.043023395893	167.516797638419	196.771929731329	200.983941252838	229.871684668999	158.817778655589	220.506374616816	98.7432695052613	112.856456715118	158.993278777932	122.898648561745	99.860090965653	146.406960993679	174.158348383404	195.782802445578	187.220882794386	176.435427749264	195.37428106332
Pd29	168.565648414047	190.58925126255	195.400201146466	180.590750434445	105.973007047638	117.475907841886	119.740566797976	99.6902978299648	196.111518787904	113.494344507588	122.981039004048	186.691394741227	158.246418729688	203.469571158575	169.763977893778	175.873829224151	180.562973995532	97.5451920985728	198.802762127566	196.992596788585	139.286555023454	89.2970535588865	127.643425194317	66.490725278191	126.279179746393	143.858996122103	134.252555927778	113.3925017365	123.881145557634	116.822914641919	111.842152362429	153.974257974845	128.511977883934	200.8934522939	220.498047109343	89.8573468236634	95.0028701225934	0	88.2875721344333	77.5795157594128	110.306703729327	92.0679719175314	113.296538218454	101.367314796123	151.115215806963	122.898978146124	196.12209246758	200.525553975161	119.298869132781	129.825706773439	113.996899317236	126.523020009429	130.299523705739	103.110518215623	151.081486883659	123.823810666135	142.701607566285	154.240982478011	150.29555233071	147.155678427248	133.937939549695	165.401709775077	174.996717631341	209.911165501303	126.412247110564	196.927650527484	80.4457915286426	123.486803427141	124.371792752407	93.6314535992042	99.4452081973606	122.584449240841	120.698789683791	172.192289561752	146.131649340928	137.219666806646	157.82871748466
Pd3	148.982716440494	164.717668544979	170.975336738386	142.643077844751	100.157016340205	89.0620406653915	95.7270201383629	74.8054507054206	173.482592429276	91.4926197772766	90.3307157422383	145.840819409776	136.984202182898	182.382895871653	146.37550388721	157.324876945917	157.184920470387	67.9031241125504	170.421153638009	173.782615447671	114.195453634005	69.6519545137429	97.8075098056787	90.6504244044377	108.415670103288	117.324224810808	110.349296085568	116.198479786379	112.468814359234	111.241218814639	102.386709424138	135.239831919253	111.253712132712	177.595872848257	195.467786113979	99.4475556037944	118.104169967043	88.2875721344333	0	112.616995822651	97.5718964942638	95.445921026474	87.1172078560455	102.077055267992	132.458345704217	109.351889607226	172.787101090614	174.738685274981	105.736751435229	107.398727312733	80.369930795567	94.6996141404476	99.57460234674	81.0737948924103	127.104672241781	84.3181164292212	128.911396266194	135.705832518046	132.944642184906	124.971425739721	106.997530512676	146.693731147536	156.403635978533	184.751589950668	98.6284531005235	172.11431492456	90.826011737557	145.481153488866	100.113716020159	67.011838430036	129.225704961146	95.0885688854705	111.905449478698	154.138765595855	127.460819948734	121.463965011021	135.305724101205
Pd30	181.683293275855	199.829017106455	204.280994430202	191.112259900036	130.804482124372	141.490220998567	142.814478809343	126.905648025123	202.843438493561	135.484689109472	150.422985010716	204.187701156488	175.780788494375	205.588832376838	185.689283833712	186.404895267146	193.077278214639	119.514853371428	206.710887683908	205.140737815592	153.415537729315	116.244614959447	131.76047790113	94.112421048661	144.85843777015	157.006928795172	151.334875020204	118.112865695579	137.149711397709	138.586116517287	132.245643822403	163.2538916939	147.126232642381	205.143472574179	224.360262856252	106.360361218102	97.7843113263635	77.5795157594128	112.616995822651	0	127.455872583951	112.436605581011	132.089931439144	122.167242628853	168.550132530316	144.283745024436	202.290333560377	207.88812977233	136.608926106239	149.50294243487	136.559957097534	144.586908027918	142.492110837046	131.35713345529	166.946888631236	145.619856885617	154.299043349593	170.415919169863	168.666173239189	166.771354994457	154.36990027947	180.064424240118	185.644684588295	216.169919897286	146.043655261727	205.13387492569	94.8027017780958	132.230099340853	143.023276328432	118.191222925073	108.718024724991	137.640624937166	145.875422762935	180.808353409767	166.15025126093	159.179449352824	174.674186611691
Pd31	129.458229517912	153.984461307175	154.888917702476	155.714225275864	99.4588846902075	80.4143991826784	79.3393814766511	78.9428788625042	157.541741455545	71.2325808196214	95.5169964832378	145.114735024218	124.450852551187	184.787526000358	130.078573200862	138.162552437302	140.345958991847	79.5844712979632	171.777208250003	159.661600418487	91.3160838547194	89.3428324306012	110.723734576135	91.5541797100879	95.8398790100302	117.629448157793	108.334096523871	156.467176193655	99.5762689832715	110.756957847377	97.6734847590482	126.225486439541	98.8398420495181	178.755213217103	188.181316394326	139.879087953619	156.021740318357	110.306703729327	97.5718964942638	127.455872583951	0	96.5987798986791	99.6268386434231	99.3496160558509	110.729025621905	97.6331669314876	175.838968184071	170.708780047935	86.5459021818237	74.7696595155258	102.75723481754	103.044093301844	114.471528836013	96.7855006095386	126.592572905047	111.058550204002	131.782990720179	128.797125462208	128.057597600554	113.656912689224	97.8125861573064	131.171903630124	140.925074301767	174.606638448034	95.3536724277361	156.406978617863	126.144870758702	177.907511623234	100.267150899965	92.9732127373442	143.954297730231	110.253789164923	99.4121955910672	142.825106191212	115.525407508366	121.100415567352	118.68408104497
Pd32	147.075776007634	179.16454637141	183.312393650499	166.647178134932	93.5539296876539	91.6772859008869	88.8455374023507	94.4391881462428	185.257835451307	101.922409472025	89.1671413853902	154.386288242359	118.012491434259	191.849182912639	127.06969381687	161.42154393471	145.677622032063	91.2223760852162	186.699135456599	186.45087450448	123.325887238649	93.9718075852926	121.512959018068	78.6086934992259	118.608939923846	137.949236207928	122.66978612959	151.376195518258	119.957897428438	101.09316434953	88.1403538459662	127.290096619613	90.3676579752036	190.288701463224	203.955294934193	125.460682662344	141.439959913534	92.0679719175314	95.445921026474	112.436605581011	96.5987798986791	0	99.0147829478533	89.770502926454	118.131610285498	98.3826668221269	188.506786654962	187.374557802395	116.443055714145	120.154938777257	111.052244124924	117.428573106499	126.521798346122	88.3652514340591	135.775544880769	110.27687350648	135.259859279726	120.793827174112	124.75278147023	112.418163583734	106.748117665084	130.007524211089	155.874798115672	195.561281978269	101.27197473287	181.760758831785	126.866938738705	173.252982788522	101.025291984699	102.722411277466	134.729750580323	103.864853837691	85.5734422698974	167.647263304088	109.502928251925	112.095770063792	126.904870691293
Pd33	150.832829019967	173.529397724952	177.943032087632	143.849552976074	118.311266438011	92.9449873347577	98.7841305868689	87.0693507399768	180.512403445413	95.1095482612807	93.1567329936876	124.36490926576	126.319351505505	178.233827890886	136.02371855833	163.851869792296	149.874841116154	84.0060290432457	166.116039464111	178.75654591189	107.982147537706	88.0102963650416	118.93348338118	102.379044315399	103.550118731494	107.840001579874	88.7384516167733	132.133494245163	109.540466355964	112.310229712907	111.895853307517	138.348422264125	107.456044724205	174.066524911246	192.031503609669	104.498861924681	144.628942262038	113.296538218454	87.1172078560455	132.089931439144	99.6268386434231	99.0147829478533	0	97.4396034775122	123.766669324051	96.8127856856425	168.446776002142	168.940443186445	112.858335997384	113.098021229364	78.3863341268796	73.7064290125323	76.9386547663269	93.3836218440535	102.12429955845	84.1683131334551	109.612515439278	125.700244386232	119.777942580034	112.793968356756	101.392893448009	134.054160906524	154.243668462183	183.459636736551	92.7196669958136	179.198116172412	125.905185019775	155.900779314541	98.7717696813796	84.8002867692335	142.40615024538	63.4899186766807	116.028688331143	164.77813536512	120.184470742094	120.533214615841	131.819540259177
Pd34	146.652877710807	181.224250524783	187.340733302692	166.047859056203	128.105750548216	109.939096881208	109.977597271822	94.9157460116068	190.73114143124	97.1376803375744	96.0434987547309	165.452526347839	118.147165471506	204.268352893273	132.151873006317	158.634554468223	146.737920061922	103.560865405025	192.199410084645	188.496066865655	124.683891020701	92.5486341375207	142.569919877457	95.1970932638198	120.539305184793	136.65031762298	116.179055604566	148.067198455297	117.930170185073	70.0755706548061	81.5286774033992	126.788910592378	84.4301767370721	197.250820609881	212.476500377347	126.138941653234	137.813244288306	101.367314796123	102.077055267992	122.167242628853	99.3496160558509	89.770502926454	97.4396034775122	0	102.712339411085	65.2252568874994	192.390784960465	192.932736633091	124.123251422907	127.335331814271	102.622640641419	107.291232336279	127.30893791096	75.0937956878562	120.919434331348	93.7055955262117	121.505456905862	109.583361639666	100.684550479127	98.1815182218149	89.6972223329485	122.116944150431	149.255496893832	201.353051580709	78.2522227879167	183.894869058099	124.767024148944	154.235272186213	80.7151404734817	93.9812998471252	122.688673939172	108.058594442284	105.395481430948	164.004629575992	105.763453630412	99.8415147307232	124.087053343544
Pd35	109.310696269735	163.784807327541	170.023059281411	152.853401567574	138.964672847945	109.653398811548	106.017387079098	113.276874036648	179.148798719378	109.628467584853	100.790046568221	140.719814235335	79.0065923555514	200.662659087572	87.088459743794	133.438460223719	90.4493780803846	124.588899005804	182.106728513527	173.1189413258	128.831931651146	124.700646866688	157.170600762033	132.954822124674	136.971932729914	152.298658501896	133.179599369249	194.599022719669	136.819105587478	89.6950969098599	108.805168653294	105.75309364666	89.0612279389935	191.11846168117	198.199156284691	172.190886383014	190.242043993505	151.115215806963	132.458345704217	168.550132530316	110.729025621905	118.131610285498	123.766669324051	102.712339411085	0	79.0148571842203	190.094796966089	182.669070985675	135.643187818828	127.520361346963	126.333005762347	126.081573079132	148.825272138103	107.559453004363	135.92098701927	115.541183129188	147.262855926309	95.291779767678	92.1409217359492	81.9262741207812	92.9122419772714	86.8219854433123	113.665727640737	188.703555601765	91.2092745996506	168.414216262904	169.21086626026	206.819833827647	91.1555818286969	125.955505244574	174.265535479711	131.310321850707	103.21124352287	155.942384458268	68.0934969279618	79.1075658114648	69.4282880029478
Pd36	134.316023259797	174.078881668937	179.828452955945	159.63066391433	125.095649378621	98.5889712129768	95.9964852408827	89.0925312365944	186.808670418241	87.3527573440432	80.7168544659591	146.194281146587	94.0679180723783	203.854891803469	107.51678868688	150.474336879786	125.0328234113	107.425469540593	186.745519085908	182.312512221192	117.246329990293	102.396568859322	145.7343601818	108.054273362566	123.239784697226	139.271211851984	115.637162363948	167.889905110717	121.603486980864	77.095037858895	92.7398031672979	122.845069042094	82.3307654674042	194.565898170901	207.988736999355	145.730193133031	160.782606241006	122.898978146124	109.351889607226	144.283745024436	97.6331669314876	98.3826668221269	96.8127856856425	65.2252568874994	79.0148571842203	0	192.279347748046	188.591301528315	123.787921133851	119.580394560042	101.968486198608	106.5328686511	130.474702000116	73.9934819803384	120.270819839164	91.0051124637463	129.675814937748	94.8538201938909	85.5340086146427	75.2748163390815	67.9994529129281	100.503473944538	138.024529221602	197.303535112156	61.0252367696448	179.568823728476	143.675541784583	175.635994472694	70.6859982275062	96.3552241710756	140.542955475905	108.296546583873	95.0120569607158	162.200590348908	85.8831019176985	84.9896865242392	103.982923052082
Pd37	176.904172055275	145.444154474667	135.065087867083	139.925150755311	193.195856189349	181.960539945866	183.35627114844	183.744093309084	126.73423706972	183.195169290753	185.349424656073	191.264896497368	197.940385704821	94.2953052807422	200.897728937421	169.586061603016	192.853548646604	165.301836316647	57.9422576643458	129.00352300556	169.046738963666	176.415359742236	167.861702453061	189.46366147184	167.915616302041	151.527320688378	165.507249666329	188.520884750409	173.737429378814	196.657784096031	185.242277781087	180.906140899225	182.381187834639	105.075769427504	112.711783568507	181.008455727009	210.836487323196	196.12209246758	172.787101090614	202.290333560377	175.838968184071	188.506786654962	168.446776002142	192.390784960465	190.094796966089	192.279347748046	0	56.995533888328	177.844488554071	176.801374689779	181.710823826604	173.494443424132	158.010203824824	186.439518480723	177.523269409147	182.582072991175	179.006495869292	204.667548750733	203.955396854248	197.325943069215	189.968604737372	203.940366213064	178.997855885898	103.756291486632	184.198349031848	142.698736045125	190.763558638437	221.521493680257	181.62086861096	179.988949569911	221.123399644578	171.374088316267	191.272220026029	157.828611510894	197.418847731398	196.056967534733	183.798695410517
Pd38	171.62932093433	142.422327839051	129.271101519451	141.361570264342	189.093606323603	175.722786588114	177.059506741313	180.750797597163	119.191036219752	178.421327122256	180.153212694778	182.662004141339	191.607127165076	105.740767269548	192.882244368911	164.93075912045	185.182445421175	163.7171302536	71.3215801660409	118.592748357736	158.192722576915	176.177536341179	169.595322067789	189.847653905919	158.916347378008	143.046882027425	157.958969534082	197.146241296315	166.734725775837	196.123589950216	183.649006078346	177.41530107924	176.923475831179	117.778195200999	96.1513840220333	188.211394302402	219.025172907835	200.525553975161	174.738685274981	207.88812977233	170.708780047935	187.374557802395	168.940443186445	192.932736633091	182.669070985675	188.591301528315	56.995533888328	0	170.334246388669	168.91155482133	181.068036299764	171.970955142542	158.575447469018	186.088448971503	169.995921407766	181.946409336619	174.416505653164	200.581010094454	201.050190387544	191.905551561599	184.622144238951	197.563266976893	175.340708641247	85.6722320727152	181.527245617717	139.409779912111	196.901399709275	229.574613189635	180.12892216798	180.453897055112	226.528189940641	171.628161802728	186.785313459527	157.687400591938	191.416908392269	192.569192788872	176.523866371165
Pd40	148.337026273218	164.624487863523	162.304905602479	162.903816893233	104.971040649377	94.3189799299181	99.4937789677472	92.0426221010769	158.985230367674	84.8556486807843	115.939420756383	150.918974998798	144.191854315536	190.98496144316	149.730471482804	153.240464991443	156.452914052603	91.9518762825586	175.187244897973	157.527324754422	81.147678621383	92.4397725933152	120.75024759173	102.097842241118	81.2836729371165	106.59045409671	103.101830614098	143.389890830641	87.8370643382228	132.488630985927	119.617530343844	147.815176822178	117.848645660429	181.309724340752	183.693946648119	138.138162834739	156.39471948447	119.298869132781	105.736751435229	136.608926106239	86.5459021818237	116.443055714145	112.858335997384	124.123251422907	135.643187818828	123.787921133851	177.844488554071	170.334246388669	0	62.9441861433055	99.0216454342144	99.1734195249259	106.718261831149	116.960365667089	110.736045743843	116.754975984907	111.645416240634	141.539249325043	139.772153593101	130.694385225255	118.551177406473	146.768417649327	152.816816932666	166.508070819935	119.64215332484	163.340427024328	122.311384998169	165.693867321305	125.359635876954	99.3513004201907	141.245255625992	119.130130728624	119.952608942527	153.396645227881	134.967450315726	138.284887154766	138.16224157429
Pd43	137.684566065843	153.717028430203	150.656981183323	157.33585224546	108.445834664292	82.5366126698662	88.3784379905479	84.6588062681661	150.944960923942	70.5589376294477	106.663884955472	136.436175483701	135.217153240094	189.680186725175	139.232529621095	142.840765130866	146.691225500944	89.5491945832712	170.063003789792	148.587498367206	76.6230403918115	96.2946461976912	119.354382915943	108.121868767414	86.0807431889471	110.015464626438	111.475076134845	161.667430785157	98.3517247242437	135.386834638127	121.724770025512	143.038295441814	119.489614073009	178.247361653143	182.080773858802	151.441981844452	171.071345030685	129.825706773439	107.398727312733	149.50294243487	74.7696595155258	120.154938777257	113.098021229364	127.335331814271	127.520361346963	119.580394560042	176.801374689779	168.91155482133	62.9441861433055	0	101.432626872482	101.174985373326	110.402151293021	112.362021458616	120.526002241894	113.842011923002	130.234862621466	136.773731768832	136.286648167404	122.139619128694	108.946662220363	140.420745457833	144.781487916602	164.930823628071	110.890602447111	153.850874471749	134.461381577007	184.678032785429	118.047130449377	98.5058906624522	156.644009497361	121.956580692412	116.932781394242	144.816377941259	129.093030028642	134.144214923008	127.378032859856
Pd45	155.505323637368	178.581150426519	183.756730319223	150.630851520352	113.978168709041	84.1613552255332	96.8839773735439	81.1207052918141	187.676983711041	90.3703715127018	92.0601100494575	121.39663329057	129.747814210438	195.76373991959	139.090562341938	168.227057161675	149.854889154709	88.1631438541038	178.680597741938	184.408027765283	113.067540289001	80.517630605355	126.223590065759	105.96987293282	110.496870543065	121.351247727747	100.131300842999	138.541875148849	114.633770330466	116.432797696654	110.548168128502	146.265224406437	107.079019688591	186.56860484202	202.507874714474	113.403498601408	139.540726175994	113.996899317236	80.369930795567	136.559957097534	102.75723481754	111.052244124924	78.3863341268796	102.622640641419	126.333005762347	101.968486198608	181.710823826604	181.068036299764	99.0216454342144	101.432626872482	0	51.9079197652657	85.5938888221262	92.0364304870465	99.8604507061518	61.5955696519431	105.379170116941	120.990701607948	112.788285625457	108.286942955667	98.0561318222389	133.075334437466	152.619891196312	192.164921828643	94.9621463198096	180.85893356082	122.311035006988	152.921628824363	106.652272021042	77.1305953654693	135.1328568645	88.4512198656189	120.584949572552	171.542160019825	123.860728845748	122.066951547972	134.05200987399
Pd46	154.284718586929	175.417741404909	179.443305788055	145.737695207223	124.27060408614	88.0170320654456	100.309584098815	90.9512149836924	182.095460490087	96.3978201178102	100.515301529994	112.077592148003	131.587479252569	188.789598588195	138.999886188959	165.998679940529	148.079692862953	90.741501957272	170.988035899535	179.107430511451	107.121028532438	84.5537034679337	125.537375523214	115.199339359584	105.631050580095	110.418068474073	89.2840087558607	140.620308277393	111.339842207165	122.646889955868	112.399195302023	144.846885089508	105.276316407032	180.409497247246	191.95919874999	115.238985495544	149.899600889385	126.523020009429	94.6996141404476	144.586908027918	103.044093301844	117.428573106499	73.7064290125323	107.291232336279	126.081573079132	106.5328686511	173.494443424132	171.970955142542	99.1734195249259	101.174985373326	51.9079197652657	0	73.3967055804734	103.669886138475	84.8229085978895	73.163643421276	93.8111245125562	121.404988738695	115.378012215867	110.427988970579	99.9222125315538	132.95532444767	151.077235701714	182.512148374907	97.8243357288142	173.639736513756	133.689656446802	157.993580298708	111.225731270409	89.3530859060916	145.568610736417	85.4045587554511	127.473264337447	169.959812971719	125.446260708591	129.40915640844	134.13446775621
Pd49	165.718780675222	176.678501347938	178.901142319502	147.885554101928	134.507789873713	107.082414147699	117.543498399301	110.240889163536	177.514445086739	112.746897988514	122.082686232672	129.200995600704	149.523294931329	172.932876611758	156.699637523624	175.341059988051	162.716810026466	95.0482123183711	160.154783702518	176.645001303805	107.698348590927	104.641332144747	112.745266522162	125.106849044295	102.049627928045	91.0424408392945	86.0381297562709	115.24387877154	113.297467634538	142.278888192963	130.11945730361	155.441060777187	130.881226679356	169.491346344971	182.805190720296	104.69331733639	147.261975317545	130.299523705739	99.57460234674	142.492110837046	114.471528836013	126.521798346122	76.9386547663269	127.30893791096	148.825272138103	130.474702000116	158.010203824824	158.575447469018	106.718261831149	110.402151293021	85.5938888221262	73.3967055804734	0	120.790962974133	96.0311125054178	101.46246638105	97.6305899224667	147.113376909638	139.37651205213	136.469061638601	125.047690064141	154.753011626975	162.436871942641	172.313613478929	118.182706789749	179.922226231911	128.06339212207	153.188946972423	123.793020091669	101.294112771208	152.194685962191	79.7633940774386	141.343698373208	170.374916516676	147.919271414664	147.673340768045	150.829652175414
Pd5	142.508492236291	172.086889974025	177.422935690943	156.097956516737	108.847939909705	88.4333449398954	87.5315393640324	74.3096263794	182.421584796752	82.2382354124943	70.3437735870714	145.711906466291	111.717789806481	198.660096047114	124.298106426667	154.034902794682	141.97890773466	92.7328389250273	182.352794534467	179.054384083957	110.855872372196	86.5424846398551	134.448220650674	95.6560524810051	113.542259308497	129.067388194288	112.409723158892	146.884876065407	113.714684168057	85.3162668816388	83.1747601383393	128.961843276771	92.5059103974902	189.47983508192	205.332494144817	129.172596292093	146.00002145224	103.110518215623	81.0737948924103	131.35713345529	96.7855006095386	88.3652514340591	93.3836218440535	75.0937956878562	107.559453004363	73.9934819803384	186.439518480723	186.088448971503	116.960365667089	112.362021458616	92.0364304870465	103.669886138475	120.790962974133	0	121.124828931358	81.5609782633917	128.444304328222	109.115346793954	103.38059899615	92.9715523998798	75.1120578656627	123.444999162443	147.652721230603	194.11347268565	63.9315221455051	178.379579916497	121.987903376914	161.46041875826	68.1142513304685	82.2951025451797	134.957149204542	103.31340467693	89.0092183910914	159.163808229951	104.678143735814	94.2599460526782	117.840245609837
Pd51	167.192368584166	189.985647354633	190.27883426333	161.94638058831	150.493569878476	118.568222878667	123.931117319162	117.286306098575	189.134704606753	113.35610797327	118.13964819201	132.49752140905	141.534982683506	199.082012416811	149.69802767844	177.274594857927	156.682021746412	123.451802353402	178.61520930302	181.35853674491	100.042887222762	113.265590548776	157.787516608706	135.121849335576	94.2566076325929	91.4829017252667	66.9321302422372	150.754871882002	102.187952579181	132.61010801211	127.345668074352	158.076348468484	114.319772985069	188.225463776338	185.450862955361	139.119048214993	175.101750695063	151.081486883659	127.104672241781	166.946888631236	126.592572905047	135.775544880769	102.12429955845	120.919434331348	135.92098701927	120.270819839164	177.523269409147	169.995921407766	110.736045743843	120.526002241894	99.8604507061518	84.8229085978895	96.0311125054178	121.124828931358	0	99.2673592425311	59.5907475178396	130.032972988897	125.150101679598	123.27996485013	118.260087727769	141.952543360278	161.273075102619	176.179292540829	117.634486097412	185.192048402093	161.773984844936	176.935254837705	127.223748531308	118.969834390639	166.715813230953	105.296297739235	142.84862483995	181.030836752807	134.185987384987	137.603124163506	144.812303916042
Pd52	151.402886408733	177.476939951238	184.086996936841	147.99686290152	128.236437041995	91.9284421451697	100.505172471092	87.4797834068326	189.487524611128	95.0352804782724	81.9532244331222	121.086514518639	118.499156399506	197.907384050581	129.622063866818	164.835253574116	140.860688485305	93.9836328859386	179.015712207381	183.751807233583	116.037986288777	87.4020687726409	135.425334881499	114.395002917763	115.116634652891	123.905952222333	104.163565677736	150.413635031345	119.951574669021	105.010107669669	103.407228516919	138.874404897799	98.0854530458296	187.167470318104	202.552461784094	125.955126800638	148.340412235282	123.823810666135	84.3181164292212	145.619856885617	111.058550204002	110.27687350648	84.1683131334551	93.7055955262117	115.541183129188	91.0051124637463	182.582072991175	181.946409336619	116.754975984907	113.842011923002	61.5955696519431	73.163643421276	101.46246638105	81.5609782633917	99.2673592425311	0	108.314958445599	107.620620014837	97.6078706548249	94.1447062908585	88.562326300944	123.064013733554	146.417895885256	192.802451867996	83.0695158142908	180.738129726047	134.337382873749	166.333189086615	95.3436919794132	84.162611046403	145.150040700571	92.5107602258591	118.237586838805	171.47339089421	112.792815876961	109.607556581273	125.332491728064
Pd55	177.662797884018	199.110944733816	199.071701718046	173.172760269149	154.190396218523	129.014558291325	135.829744315224	126.493087487353	194.875981627722	122.730980757067	133.273682801918	149.100389357357	151.739041145957	199.307553476406	160.636043433349	187.835158470397	165.693929987206	127.260525359833	184.767794828523	189.127509984227	109.219035231419	118.363235266926	157.92481437916	131.069390898507	98.950666942666	95.942112389456	74.6115781784769	136.592741067213	102.755640633385	134.7428663212	129.265948084775	163.867942258241	119.986314517331	191.902510789105	190.974285949752	126.853847672122	159.299255894716	142.701607566285	128.911396266194	154.299043349593	131.782990720179	135.259859279726	109.612515439278	121.505456905862	147.262855926309	129.675814937748	179.006495869292	174.416505653164	111.645416240634	130.234862621466	105.379170116941	93.8111245125562	97.6305899224667	128.444304328222	59.5907475178396	108.314958445599	0	138.487280070504	131.692119925559	132.925629757128	129.769127354795	149.714014210985	166.656215637068	182.21077040789	127.434638056942	194.324931377509	153.887186707622	162.792025550904	135.813177531688	123.483349520452	153.313144035698	109.728241421755	151.234936193318	188.228738900149	148.321149280096	147.863520158787	157.472208826767
Pd56	146.144471615048	188.540938310907	193.464661590283	173.237012223583	149.863967132111	114.765379659711	112.874704424528	120.487734812037	201.091069220271	118.693508108538	107.782201732083	135.631424132313	78.534560169377	208.556804228893	86.8285685284472	165.991158284587	105.699759308208	133.876210773099	199.408411625528	195.55361153395	138.018659292414	126.69323307122	163.582154088474	135.479752975669	146.356517942859	158.602081630418	139.610610240577	191.300683476023	140.682244972213	106.563084948855	117.340802630708	118.606982412515	97.4723217304943	199.004965585235	209.675526635721	170.994884593894	187.063851040797	154.240982478011	135.705832518046	170.415919169863	128.797125462208	120.793827174112	125.700244386232	109.583361639666	95.291779767678	94.8538201938909	204.667548750733	200.581010094454	141.539249325043	136.773731768832	120.990701607948	121.404988738695	147.113376909638	109.115346793954	130.032972988897	107.620620014837	138.487280070504	0	71.250436537818	67.706994076891	96.3485394242853	75.8225008783962	132.262182467929	206.601233124782	94.0416224298684	188.614628786684	172.974463951675	207.490883424759	99.9739209990533	130.48289895436	170.219711614172	132.338520794369	117.132945538774	181.970117411458	90.7414212785033	102.11823698792	111.873529412231
Pd57	145.03068761369	189.551629820356	195.073167691062	171.722779012449	151.744347187458	115.243467793634	116.645107053777	119.126100366086	202.432745195758	113.944295053419	106.133818794732	139.991540764341	82.0013667079128	216.703132987215	93.7237481780154	165.553664662646	106.14818694756	132.734788824345	199.178265338856	196.264611333984	138.638697584452	127.879243789596	166.245344348406	133.854384117791	144.122701660713	157.493659535038	136.859859266883	184.034082324123	144.484013916536	99.8725384851452	115.008869504978	133.899569971731	102.296723146953	205.683036192602	219.442754916622	165.767459897328	179.367167736863	150.29555233071	132.944642184906	168.666173239189	128.057597600554	124.75278147023	119.777942580034	100.684550479127	92.1409217359492	85.5340086146427	203.955396854248	201.050190387544	139.772153593101	136.286648167404	112.788285625457	115.378012215867	139.37651205213	103.38059899615	125.150101679598	97.6078706548249	131.692119925559	71.250436537818	0	61.9378331593973	93.1266008095313	77.5455510257158	126.577215799906	208.799829569268	87.043910014206	192.222531023693	167.524519564657	196.300893354319	94.4791967622386	123.842368341782	159.075505939429	126.277233874843	117.514041974046	180.19783433822	90.0394737148732	94.1374422912239	108.862315639201
Pd58	135.533097054929	178.618368859346	183.374147993484	163.55257613502	137.798666442794	99.8452172790438	98.9261486478147	105.187170925545	191.463156748761	101.088805066659	90.72321019561	126.128509754656	69.9714844448639	208.484012114488	79.0545670580564	156.373188744586	100.407953920349	120.235473912535	189.8721213351	185.782884213667	124.730337934361	119.0480945273	153.858555954113	127.33844154386	135.158718204916	148.601136012621	128.785793773952	185.311916408201	136.472899121279	97.8478033734525	107.750078513221	125.3093465542	90.8204898873961	198.684942760811	208.799268336925	164.802415100464	182.043023395893	147.155678427248	124.971425739721	166.771354994457	113.656912689224	112.418163583734	112.793968356756	98.1815182218149	81.9262741207812	75.2748163390815	197.325943069215	191.905551561599	130.694385225255	122.139619128694	108.286942955667	110.427988970579	136.469061638601	92.9715523998798	123.27996485013	94.1447062908585	132.925629757128	67.706994076891	61.9378331593973	0	73.6293937735666	64.8122041402032	124.576407931686	198.627817765612	70.948979018098	181.199080454078	165.334576215403	200.666816435244	83.0256569743042	116.274003479832	162.648735660569	119.5210124527	106.025054256396	172.21068704029	82.0362637040533	91.5361511735807	100.029753282771
Pd6	138.08546922089	170.860776725972	174.894191297827	155.092767264652	124.393200852134	88.1093727881596	88.055166024958	87.7894096566693	182.111751368871	85.3655243394476	79.9060999534257	127.484706141177	95.7079642560133	199.961718370839	101.745673088914	152.545189941996	123.876178091823	104.125711735393	181.126152077011	177.909660540268	106.341046179588	102.520795303827	138.04158235902	116.00822518773	121.399779644555	133.65503856337	114.764822806933	169.074609161008	120.394077635677	99.8214489006131	97.3361433742682	129.466755454619	92.9641665522507	190.270715847776	201.765216700439	151.871939687778	167.516797638419	133.937939549695	106.997530512676	154.36990027947	97.8125861573064	106.748117665084	101.392893448009	89.6972223329485	92.9122419772714	67.9994529129281	189.968604737372	184.622144238951	118.551177406473	108.946662220363	98.0561318222389	99.9222125315538	125.047690064141	75.1120578656627	118.260087727769	88.562326300944	129.769127354795	96.3485394242853	93.1266008095313	73.6293937735666	0	100.146901668375	139.5517011975	192.051817247008	48.1611463478946	175.0435133748	149.246428263529	182.947979855947	67.6821013394558	95.1567256157243	149.953046072102	108.656655857019	101.526795877148	161.513141754055	93.836488606194	100.481619932415	110.580842208656
Pd63	137.848723776957	183.935374270664	188.34479351549	171.325144260494	155.863474310863	122.142524227347	119.50766219819	129.98647942746	196.331245361935	124.559362999718	118.123296403996	138.739238695141	70.0338048926281	211.692175101595	72.052135434058	160.146647289297	87.9158046149912	140.233268903775	196.102710401671	191.254523700669	142.380967715826	140.351107321499	165.269773609024	144.291483465498	152.805609969341	164.269513905056	148.232214273975	200.998637044075	152.654089424212	115.141068401723	127.414199690602	127.883700582643	108.417929383034	203.718963678354	211.774195924121	181.486444675372	196.771929731329	165.401709775077	146.693731147536	180.064424240118	131.171903630124	130.007524211089	134.054160906524	122.116944150431	86.8219854433123	100.503473944538	203.940366213064	197.563266976893	146.768417649327	140.420745457833	133.075334437466	132.95532444767	154.753011626975	123.444999162443	141.952543360278	123.064013733554	149.714014210985	75.8225008783962	77.5455510257158	64.8122041402032	100.146901668375	0	121.581289989504	202.955213538738	100.532131986894	185.741948093591	182.717237043943	218.074198367857	106.830199064783	139.87665430062	178.464985473971	139.911277508346	123.601238742201	177.430266228004	88.7958530441184	104.529657958928	103.791245306933
Pd66	75.2671546131559	136.780810231905	146.110697801845	142.423583676344	169.122564534247	146.731031761597	145.002295393476	147.075931949516	156.840345252668	140.675558290871	147.77571129703	168.81648999182	126.752054032438	194.311576841998	128.604297817448	100.577909350522	94.553689394455	149.34948071195	173.837578872581	151.879040330798	151.226550647857	152.553177749922	168.673388666715	157.178175361098	158.637908959554	166.020895252389	163.044442593286	200.000570602344	158.795226414593	141.443328494847	147.601396534865	128.478441135837	139.095794711561	184.828755697335	185.079800033845	187.688392402043	200.983941252838	174.996717631341	156.403635978533	185.644684588295	140.925074301767	155.874798115672	154.243668462183	149.255496893832	113.665727640737	138.024529221602	178.997855885898	175.340708641247	152.816816932666	144.781487916602	152.619891196312	151.077235701714	162.436871942641	147.652721230603	161.273075102619	146.417895885256	166.656215637068	132.262182467929	126.577215799906	124.576407931686	139.5517011975	121.581289989504	0	169.588990161206	134.795960878547	144.796787918688	179.747943607768	217.042144491267	132.737892407322	150.721142157282	189.084788327967	162.834986905601	146.354936432427	123.770269467991	125.946217254268	126.965244635511	95.5678999656638
Pd69	164.676991282513	121.746438272351	104.281684596874	140.096382582411	195.294639903049	183.179403838145	183.446641917407	186.282717601601	84.5316042204787	180.454442675073	188.632764820885	195.629096903166	198.764329101809	136.721726039039	198.750671521719	152.579011526862	187.832824265927	171.407269618745	105.872809431301	81.3609496438588	154.474077075646	182.212156785314	173.725159388594	196.020241786821	157.735456342904	146.091530570817	168.488710767016	207.991516199175	165.418079447571	203.167545652731	190.434761695078	179.175728281964	184.966848088065	137.802676471012	79.4507401842073	204.531775348926	229.871684668999	209.911165501303	184.751589950668	216.169919897286	174.606638448034	195.561281978269	183.459636736551	201.353051580709	188.703555601765	197.303535112156	103.756291486632	85.6722320727152	166.508070819935	164.930823628071	192.164921828643	182.512148374907	172.313613478929	194.11347268565	176.179292540829	192.802451867996	182.21077040789	206.601233124782	208.799829569268	198.627817765612	192.051817247008	202.955213538738	169.588990161206	0	189.102390903361	112.879696015601	202.635670849208	239.687174805942	186.51755422592	188.102913823265	233.724700018731	187.127468972122	192.040842435666	140.544105631189	196.682375579615	198.824396088548	178.034228304009
Pd7	134.430291085709	166.319270381116	171.951805387662	150.055026630316	125.296781511765	89.009560423262	88.7271924392066	84.8952638913339	178.50231463172	82.3397939768604	78.3024548447859	132.883778551888	93.7567330896765	194.600383018043	103.22341919483	149.309995061953	123.607934854324	98.5850327804075	177.222104774133	175.146828483612	106.658105489378	98.6248969981812	131.030591930321	111.256954708675	120.083489911444	129.902004065006	113.647312644202	159.0462837143	119.509318024119	89.3245089803336	92.9246404721448	121.426792000972	88.8618314833841	185.619563649898	200.031769645347	142.870964357144	158.817778655589	126.412247110564	98.6284531005235	146.043655261727	95.3536724277361	101.27197473287	92.7196669958136	78.2522227879167	91.2092745996506	61.0252367696448	184.198349031848	181.527245617717	119.64215332484	110.890602447111	94.9621463198096	97.8243357288142	118.182706789749	63.9315221455051	117.634486097412	83.0695158142908	127.434638056942	94.0416224298684	87.043910014206	70.948979018098	48.1611463478946	100.532131986894	134.795960878547	189.102390903361	0	172.399528118433	139.557730791784	176.341000463888	50.7632797349685	89.97556088681	144.84528359043	101.094444866939	98.8537778701001	156.483385754726	92.3599783878626	93.0609299019554	106.959136058341
Pd72	132.568609550393	66.1675840527117	63.8117215671968	122.30078619768	181.385477702379	168.546819480842	168.704334234886	168.939881282688	80.1063461663128	162.466096941586	173.061104292387	195.951484781631	185.379347767688	163.565387998771	184.365338705524	111.609248321457	171.335436539885	156.82876487615	136.595757844967	91.2571122568104	162.583022168466	162.61330517024	164.468798281851	180.365638434235	168.149549617876	169.894188419088	179.782432931362	213.600102992562	172.268394611088	183.330598674368	172.757503189926	157.535104236204	168.992488794785	157.563835181768	141.062556086785	205.057723518325	220.506374616816	196.927650527484	172.11431492456	205.13387492569	156.406978617863	181.760758831785	179.198116172412	183.894869058099	168.414216262904	179.568823728476	142.698736045125	139.409779912111	163.340427024328	153.850874471749	180.85893356082	173.639736513756	179.922226231911	178.379579916497	185.192048402093	180.738129726047	194.324931377509	188.614628786684	192.222531023693	181.199080454078	175.0435133748	185.741948093591	144.796787918688	112.879696015601	172.399528118433	0	189.617180552132	235.202419608762	170.65523892707	172.715041971203	218.17686270276	186.324379256381	175.531286786276	100.607711709606	177.400826140344	181.823734150334	155.946128174875
Pd75	172.554531185544	179.347224537908	184.670345366366	173.649319757269	126.421349126556	134.04935665339	138.828450752785	112.220660648721	186.231052565656	122.152734534659	142.427356374872	200.013393994624	176.658003575268	199.285774618039	187.389884435465	173.268167710262	192.479262042526	104.332396583407	193.248695671779	187.87344675614	146.251142653324	100.837815091035	119.577523560636	100.411075311174	136.900574842257	145.980061505355	144.589136349783	98.6808770048475	130.963212929577	136.277222558486	133.768201579767	161.902383808645	152.066063136414	196.241594908036	215.756077589645	99.6193320395036	98.7432695052613	80.4457915286426	90.826011737557	94.8027017780958	126.144870758702	126.866938738705	125.905185019775	124.767024148944	169.21086626026	143.675541784583	190.763558638437	196.901399709275	122.311384998169	134.461381577007	122.311035006988	133.689656446802	128.06339212207	121.987903376914	161.773984844936	134.337382873749	153.887186707622	172.974463951675	167.524519564657	165.334576215403	149.246428263529	182.717237043943	179.747943607768	202.635670849208	139.557730791784	189.617180552132	0	102.273191815309	136.337095474923	90.5311503049281	104.670033710335	131.251307122896	144.823677162601	161.661236673147	164.908599917631	152.574016853944	168.252330929059
Pd77	216.47537903043	226.348612366763	231.213725261855	209.833535032944	176.174721283203	184.775587760594	190.216494682499	160.352312555016	232.134980449981	167.581481473091	187.227514172504	232.675363305172	217.4071565905	234.943375394672	229.581806340308	217.804721211912	231.850710997401	162.434250200341	227.19361032721	229.852296855559	183.993804480534	149.04062048048	182.928492112637	140.827002705057	171.344387457922	174.964855291804	163.561654756165	104.277619070658	161.841235106486	168.975428788813	172.643506947951	209.124842193048	191.094401655628	230.954634561528	250.634051481179	107.894217621111	112.856456715118	123.486803427141	145.481153488866	132.230099340853	177.907511623234	173.252982788522	155.900779314541	154.235272186213	206.819833827647	175.635994472694	221.521493680257	229.574613189635	165.693867321305	184.678032785429	152.921628824363	157.993580298708	153.188946972423	161.46041875826	176.935254837705	166.333189086615	162.792025550904	207.490883424759	196.300893354319	200.666816435244	182.947979855947	218.074198367857	217.042144491267	239.687174805942	176.341000463888	235.202419608762	102.273191815309	0	175.7602604164	135.661745600863	104.255263840193	159.406917667316	189.42306024274	205.541973011973	205.144426467964	188.305086407882	209.575526146045
Pd8	128.659350188241	162.524486333244	168.965634175648	147.651153677619	127.341365697134	99.5133736788872	94.8075916520856	91.1003160831328	174.819482333931	90.6672794685095	87.3666339309835	145.30570364292	95.8299720544346	190.900582371596	106.510198450395	142.984196516134	124.170112614007	103.06356782086	175.233296655671	171.492079921942	112.413177126649	103.6617213986	129.520027079523	112.67260191049	122.420808036656	131.925653790264	120.99628491147	157.31465621777	121.905477976727	83.4618968783696	92.6359163089248	113.149811800735	93.7375410647718	183.216463134535	197.868484698809	144.256250855327	158.993278777932	124.371792752407	100.113716020159	143.023276328432	100.267150899965	101.025291984699	98.7717696813796	80.7151404734817	91.1555818286969	70.6859982275062	181.62086861096	180.12892216798	125.359635876954	118.047130449377	106.652272021042	111.225731270409	123.793020091669	68.1142513304685	127.223748531308	95.3436919794132	135.813177531688	99.9739209990533	94.4791967622386	83.0256569743042	67.6821013394558	106.830199064783	132.737892407322	186.51755422592	50.7632797349685	170.65523892707	136.337095474923	175.7602604164	0	95.6205633803256	146.801421768041	105.919055228693	93.9610495889075	149.135377337056	90.8650810574529	88.4578940842968	103.533969975055
Pd80	142.909265596364	162.464872749014	168.107977513869	149.049928905277	104.364161893093	88.593231255494	95.7393406882057	61.5403429999178	175.229214293701	71.3794669667823	89.0455415186607	152.107388660521	133.306739775186	191.982517406	144.363417279803	152.001114074047	153.931865566493	73.6425312279386	176.013803360574	171.827861884793	107.396789397839	69.2586611632253	114.31937612177	85.5023016786892	104.847361620095	119.057931341767	106.306567598667	123.870816027873	103.702605978757	104.694947112408	106.160866321139	137.466779900651	111.754520066059	183.635197407141	200.268238738931	109.2562108131	122.898648561745	93.6314535992042	67.011838430036	118.191222925073	92.9732127373442	102.722411277466	84.8002867692335	93.9812998471252	125.955505244574	96.3552241710756	179.988949569911	180.453897055112	99.3513004201907	98.5058906624522	77.1305953654693	89.3530859060916	101.294112771208	82.2951025451797	118.969834390639	84.162611046403	123.483349520452	130.48289895436	123.842368341782	116.274003479832	95.1567256157243	139.87665430062	150.721142157282	188.102913823265	89.97556088681	172.715041971203	90.5311503049281	135.661745600863	95.6205633803256	0	112.619934922642	90.9568243131771	111.788342198547	149.74722452928	118.62840583082	110.039309719881	126.993074984889
Pd84	190.562817055514	211.086436855174	214.944702854058	205.247094881411	144.961244701661	152.667659404664	157.126885747008	133.210028858435	218.106512623285	132.846660524433	156.495268740349	214.218485935445	179.752260951786	230.053700131371	190.871721176667	196.486111167416	197.592660837167	138.61986252724	223.26067257384	217.314772728374	164.566495466429	128.210429294145	160.149438461191	101.825495651828	156.675941060299	172.862685437679	158.804778996906	126.205071987986	148.539394811466	140.337199586282	142.738539664195	182.111127614962	157.669331377573	225.260013221751	246.500923396641	121.086368934059	99.860090965653	99.4452081973606	129.225704961146	108.718024724991	143.954297730231	134.729750580323	142.40615024538	122.688673939172	174.265535479711	140.542955475905	221.123399644578	226.528189940641	141.245255625992	156.644009497361	135.1328568645	145.568610736417	152.194685962191	134.957149204542	166.715813230953	145.150040700571	153.313144035698	170.219711614172	159.075505939429	162.648735660569	149.953046072102	178.464985473971	189.084788327967	233.724700018731	144.84528359043	218.17686270276	104.670033710335	104.255263840193	146.801421768041	112.619934922642	0	143.819853832037	153.829382930199	190.118543287708	167.728482630159	158.131504921952	179.849210335111
Pd86	158.466962334555	179.594150924788	183.75670704275	149.198687542053	122.885672631411	97.685483228968	105.295541533596	99.3742487144975	186.788598434303	100.319336331477	97.3109092505619	127.832803767252	130.029882560325	180.890448738649	140.031492592039	172.514861224693	153.437514291168	94.9501294559647	168.652478325066	184.369293723905	111.050132510222	101.749511997217	118.051031907373	114.403583745713	110.057862525786	112.280832212094	92.7331732468748	131.417695511068	114.946292855449	120.792835505865	114.364450057809	144.629727768095	112.668438504262	177.463106816046	194.792238932646	110.2163451047	146.406960993679	122.584449240841	95.0885688854705	137.640624937166	110.253789164923	103.864853837691	63.4899186766807	108.058594442284	131.310321850707	108.296546583873	171.374088316267	171.628161802728	119.130130728624	121.956580692412	88.4512198656189	85.4045587554511	79.7633940774386	103.31340467693	105.296297739235	92.5107602258591	109.728241421755	132.338520794369	126.277233874843	119.5210124527	108.656655857019	139.911277508346	162.834986905601	187.127468972122	101.094444866939	186.324379256381	131.251307122896	159.406917667316	105.919055228693	90.9568243131771	143.819853832037	0	119.727740866434	173.507402241412	123.904933669115	123.01680308407	136.00523929457
Pd87	132.328969296873	169.347449382418	172.624972762625	164.635885944503	96.8554625711887	92.8645944947103	82.0271019014221	96.4877406555047	179.009528423269	100.477197605943	85.6524861767475	150.532666430964	106.549456000178	195.85943600469	115.708009056288	146.766020147911	132.832273971929	107.190685094992	184.575437053388	177.7194461973	123.754278068561	110.199744271613	139.212909811372	105.611067306221	124.900676904375	148.105088410923	132.040198243382	177.013756035138	124.454584846803	103.076849233344	90.7503742064243	123.084331919841	97.8651365912878	190.644144030214	201.521612634753	157.745288386968	174.158348383404	120.698789683791	111.905449478698	145.875422762935	99.4121955910672	85.5734422698974	116.028688331143	105.395481430948	103.21124352287	95.0120569607158	191.272220026029	186.785313459527	119.952608942527	116.932781394242	120.584949572552	127.473264337447	141.343698373208	89.0092183910914	142.84862483995	118.237586838805	151.234936193318	117.132945538774	117.514041974046	106.025054256396	101.526795877148	123.601238742201	146.354936432427	192.040842435666	98.8537778701001	175.531286786276	144.823677162601	189.42306024274	93.9610495889075	111.788342198547	153.829382930199	119.727740866434	0	160.510739696812	96.4645531708786	97.6832108644647	107.782919140225
Pd9	106.698778051314	84.8961639763378	92.7765891037026	117.179782682625	170.018873897924	163.585181609529	160.715415970049	151.444660367637	102.981881644542	143.89752514412	164.625917113756	203.56002011665	175.355348421669	173.54287660322	178.348325515928	71.1277823191474	160.690076453129	146.539239566465	153.161277288694	106.938100341289	150.833017195344	152.300862731332	155.735621268557	159.019438976879	154.877191289106	160.641749566648	170.865124555209	186.638814131227	155.208379904545	162.479836318965	159.319634646274	145.905453570223	165.863599031748	167.049023821361	163.782165424899	185.293020543375	195.782802445578	172.192289561752	154.138765595855	180.808353409767	142.825106191212	167.647263304088	164.77813536512	164.004629575992	155.942384458268	162.200590348908	157.828611510894	157.687400591938	153.396645227881	144.816377941259	171.542160019825	169.959812971719	170.374916516676	159.163808229951	181.030836752807	171.47339089421	188.228738900149	181.970117411458	180.19783433822	172.21068704029	161.513141754055	177.430266228004	123.770269467991	140.544105631189	156.483385754726	100.607711709606	161.661236673147	205.541973011973	149.135377337056	149.74722452928	190.118543287708	173.507402241412	160.510739696812	0	163.408593510332	159.895162988657	139.009776152685
Pd93	116.906136716942	172.121084854367	178.032581120025	158.264045397819	131.726265025486	105.593817599819	100.90178270627	109.312366435057	188.246437247574	107.422556626161	94.54099878201	141.222514426694	75.7272815771337	204.927117987664	84.9738233208661	142.573025894563	98.3264512761634	121.830080645672	188.257735073742	182.447957518199	130.981105224359	119.556877325333	154.006144877542	127.64098616438	137.935583443522	154.891064372223	135.251318100376	190.915566775029	136.837810331958	90.5578542519877	111.173685852604	110.642366657481	88.1539625016894	196.419056270582	204.639868480571	169.328680025833	187.220882794386	146.131649340928	127.460819948734	166.15025126093	115.525407508366	109.502928251925	120.184470742094	105.763453630412	68.0934969279618	85.8831019176985	197.418847731398	191.416908392269	134.967450315726	129.093030028642	123.860728845748	125.446260708591	147.919271414664	104.678143735814	134.185987384987	112.792815876961	148.321149280096	90.7414212785033	90.0394737148732	82.0362637040533	93.836488606194	88.7958530441184	125.946217254268	196.682375579615	92.3599783878626	177.400826140344	164.908599917631	205.144426467964	90.8650810574529	118.62840583082	167.728482630159	123.904933669115	96.4645531708786	163.408593510332	0	68.2294504434116	74.2529139112073
Pd95	119.705839499223	171.75777577148	179.13552805452	157.160884187414	131.723892431863	114.804827334863	111.297045004866	106.497288822965	189.19770834408	106.75894879594	95.1860601456065	157.027053697695	91.8336886065723	206.086861012668	106.38512013204	142.987747453695	111.860503642803	122.860478604734	189.289480625689	181.663561295861	135.173423706415	119.120402836368	159.89300046017	122.329719233609	138.332237377657	154.718769234335	133.470772698897	179.320002668845	132.632463775917	83.7074409087999	109.526854259309	113.947754100242	99.1423750076164	196.384503371745	207.284348192782	159.998863456897	176.435427749264	137.219666806646	121.463965011021	159.179449352824	121.100415567352	112.095770063792	120.533214615841	99.8415147307232	79.1075658114648	84.9896865242392	196.056967534733	192.569192788872	138.284887154766	134.144214923008	122.066951547972	129.40915640844	147.673340768045	94.2599460526782	137.603124163506	109.607556581273	147.863520158787	102.11823698792	94.1374422912239	91.5361511735807	100.481619932415	104.529657958928	126.965244635511	198.824396088548	93.0609299019554	181.823734150334	152.574016853944	188.305086407882	88.4578940842968	110.039309719881	158.131504921952	123.01680308407	97.6832108644647	159.895162988657	68.2294504434116	0	78.6252954333489
Pd98	80.3734895427018	145.980092557655	153.977888172374	141.634613367439	139.530259628931	115.758466341717	112.213206577656	117.843075857523	166.7440121949	113.935436364492	109.116273662353	147.058600277148	94.8971997552302	195.130754684713	100.125810476436	112.173400863448	79.8148649413756	127.001606801814	174.242375384246	159.700400125127	131.795509217082	129.949643372629	155.83656882247	138.428542358715	140.213393073995	153.92855694352	140.771620718653	195.346252177055	140.244480380902	107.573601616702	121.552199693939	105.482817254115	106.31050865658	185.321302597161	189.119103074975	177.089759135127	195.37428106332	157.82871748466	135.305724101205	174.674186611691	118.68408104497	126.904870691293	131.819540259177	124.087053343544	69.4282880029478	103.982923052082	183.798695410517	176.523866371165	138.16224157429	127.378032859856	134.05200987399	134.13446775621	150.829652175414	117.840245609837	144.812303916042	125.332491728064	157.472208826767	111.873529412231	108.862315639201	100.029753282771	110.580842208656	103.791245306933	95.5678999656638	178.034228304009	106.959136058341	155.946128174875	168.252330929059	209.575526146045	103.533969975055	126.993074984889	179.849210335111	136.00523929457	107.782919140225	139.009776152685	74.2529139112073	78.6252954333489	0
